-----------------------------------------------------------------CPU STATUSES: 1 1 1 1 1 1 1 1----------COMPILATION FLAGS: e u f c a----------07-10-2020--05:05:36-----------------------------------------------------------------

--------------------------------COMPILATION SETTING: e----------07-10-2020--05:09:27-------------------------------
SIZE DATA:

Size of profile: 0
Size of app: 45076

~~~~~~~~~~~~~~~~~~~~~~~~~~~~~~~~~~~~~~~~~~~~~~~~~~~~~~~~
ACTION DURATIONS:

ITERATION 1: [4121, 1127, 2517, 1752, 1496, 1153, 4415, 2750, 2845], TOTAL: 22176
ITERATION 2: [4413, 1042, 2422, 1763, 1563, 1186, 4179, 2819, 2082], TOTAL: 21469
ITERATION 3: [4146, 1006, 2536, 1848, 1552, 1184, 5070, 2666, 1683], TOTAL: 21691
ITERATION 4: [4209, 1577, 1933, 1795, 1545, 1300, 4377, 2626, 2277], TOTAL: 21639
ITERATION 5: [4324, 1091, 2420, 1805, 1561, 1232, 3819, 3103, 2021], TOTAL: 21376
ITERATION 6: [4344, 992, 2562, 1755, 1555, 1228, 4705, 2396, 3166], TOTAL: 22703
ITERATION 7: [4172, 992, 2537, 1750, 1457, 1149, 4534, 2350, 3357], TOTAL: 22298
ITERATION 8: [4359, 1008, 2591, 1601, 1519, 1215, 4236, 2885, 2402], TOTAL: 21816
ITERATION 9: [4321, 1028, 2487, 1817, 1447, 1237, 4963, 3105, 1932], TOTAL: 22337

AVERAGE:     [4267, 1095, 2445, 1765, 1521, 1209, 4477, 2744, 2418], TOTAL: 21941
MEDIAN:      [4321, 1028, 2517, 1763, 1545, 1215, 4415, 2750, 2277], TOTAL: 21816

~~~~~~~~~~~~~~~~~~~~~~~~~~~~~~~~~~~~~~~~~~~~~~~~~~~~~~~~
TIME STAMPS:

ITERATION 1: [4121, 5248, 7765, 9517, 11013, 12166, 16581, 19331, 22176]
ITERATION 2: [4413, 5455, 7877, 9640, 11203, 12389, 16568, 19387, 21469]
ITERATION 3: [4146, 5152, 7688, 9536, 11088, 12272, 17342, 20008, 21691]
ITERATION 4: [4209, 5786, 7719, 9514, 11059, 12359, 16736, 19362, 21639]
ITERATION 5: [4324, 5415, 7835, 9640, 11201, 12433, 16252, 19355, 21376]
ITERATION 6: [4344, 5336, 7898, 9653, 11208, 12436, 17141, 19537, 22703]
ITERATION 7: [4172, 5164, 7701, 9451, 10908, 12057, 16591, 18941, 22298]
ITERATION 8: [4359, 5367, 7958, 9559, 11078, 12293, 16529, 19414, 21816]
ITERATION 9: [4321, 5349, 7836, 9653, 11100, 12337, 17300, 20405, 22337]

AVERAGE:     [4267, 5363, 7808, 9573, 11095, 12304, 16782, 19526, 21945]

~~~~~~~~~~~~~~~~~~~~~~~~~~~~~~~~~~~~~~~~~~~~~~~~~~~~~~~~
MEDIAN RUN: 8
--------------------------------COMPILATION SETTING: e----------07-10-2020--05:09:27-------------------------------

--------------------------------COMPILATION SETTING: u----------07-10-2020--05:15:05-------------------------------
SIZE DATA:

Size of profile: 38680
Size of app: 53208

~~~~~~~~~~~~~~~~~~~~~~~~~~~~~~~~~~~~~~~~~~~~~~~~~~~~~~~~
ACTION DURATIONS:

ITERATION 1: [4094, 926, 2464, 1747, 1564, 1171, 3676, 2806, 2256], TOTAL: 20704
ITERATION 2: [3908, 1425, 1912, 1702, 1567, 1292, 3945, 2625, 2569], TOTAL: 20945
ITERATION 3: [3976, 1026, 2349, 1578, 1552, 1140, 4614, 3040, 1965], TOTAL: 21240
ITERATION 4: [4064, 1479, 2097, 1633, 1439, 1174, 3999, 3043, 1917], TOTAL: 20845
ITERATION 5: [4092, 940, 2472, 1897, 1548, 1169, 3821, 3096, 2134], TOTAL: 21169
ITERATION 6: [4140, 1506, 2006, 1582, 1546, 1274, 3658, 2763, 2360], TOTAL: 20835
ITERATION 7: [4229, 993, 2292, 1545, 1474, 1198, 3852, 2800, 2266], TOTAL: 20649
ITERATION 8: [4126, 1227, 2381, 1772, 1439, 1136, 4456, 2192, 2278], TOTAL: 21007
ITERATION 9: [4051, 1504, 1830, 1581, 1469, 1257, 4627, 3064, 1832], TOTAL: 21215

AVERAGE:     [4075, 1225, 2200, 1670, 1510, 1201, 4072, 2825, 2175], TOTAL: 20953
MEDIAN:      [4092, 1227, 2292, 1633, 1546, 1174, 3945, 2806, 2256], TOTAL: 20945

~~~~~~~~~~~~~~~~~~~~~~~~~~~~~~~~~~~~~~~~~~~~~~~~~~~~~~~~
TIME STAMPS:

ITERATION 1: [4094, 5020, 7484, 9231, 10795, 11966, 15642, 18448, 20704]
ITERATION 2: [3908, 5333, 7245, 8947, 10514, 11806, 15751, 18376, 20945]
ITERATION 3: [3976, 5002, 7351, 8929, 10481, 11621, 16235, 19275, 21240]
ITERATION 4: [4064, 5543, 7640, 9273, 10712, 11886, 15885, 18928, 20845]
ITERATION 5: [4092, 5032, 7504, 9401, 10949, 12118, 15939, 19035, 21169]
ITERATION 6: [4140, 5646, 7652, 9234, 10780, 12054, 15712, 18475, 20835]
ITERATION 7: [4229, 5222, 7514, 9059, 10533, 11731, 15583, 18383, 20649]
ITERATION 8: [4126, 5353, 7734, 9506, 10945, 12081, 16537, 18729, 21007]
ITERATION 9: [4051, 5555, 7385, 8966, 10435, 11692, 16319, 19383, 21215]

AVERAGE:     [4075, 5300, 7501, 9171, 10682, 11883, 15955, 18781, 20956]

~~~~~~~~~~~~~~~~~~~~~~~~~~~~~~~~~~~~~~~~~~~~~~~~~~~~~~~~
MEDIAN RUN: 2
--------------------------------COMPILATION SETTING: u----------07-10-2020--05:15:05-------------------------------

--------------------------------COMPILATION SETTING: f----------07-10-2020--05:20:49-------------------------------
SIZE DATA:

Size of profile: 44232
Size of app: 58848

~~~~~~~~~~~~~~~~~~~~~~~~~~~~~~~~~~~~~~~~~~~~~~~~~~~~~~~~
ACTION DURATIONS:

ITERATION 1: [3678, 1059, 2039, 1696, 1495, 1176, 4054, 2023, 1616], TOTAL: 18836
ITERATION 2: [3697, 1292, 1790, 1610, 1528, 1281, 4308, 2342, 2151], TOTAL: 19999
ITERATION 3: [3831, 995, 2117, 1750, 1561, 1172, 4720, 1929, 1848], TOTAL: 19923
ITERATION 4: [3966, 927, 2304, 1565, 1477, 1214, 4203, 2459, 1922], TOTAL: 20037
ITERATION 5: [3797, 989, 2249, 1753, 1431, 1132, 4351, 2316, 1769], TOTAL: 19787
ITERATION 6: [3815, 1008, 2270, 1752, 1528, 1201, 5035, 1675, 2132], TOTAL: 20416
ITERATION 7: [3793, 1021, 2392, 1817, 1533, 1127, 4127, 2010, 1539], TOTAL: 19359
ITERATION 8: [3787, 1360, 1901, 1711, 1466, 1194, 4240, 2460, 2101], TOTAL: 20220
ITERATION 9: [3689, 1312, 1942, 1768, 1531, 1192, 4231, 2243, 1488], TOTAL: 19396

AVERAGE:     [3783, 1107, 2111, 1713, 1505, 1187, 4363, 2161, 1840], TOTAL: 19770
MEDIAN:      [3793, 1021, 2117, 1750, 1528, 1192, 4240, 2243, 1848], TOTAL: 19923

~~~~~~~~~~~~~~~~~~~~~~~~~~~~~~~~~~~~~~~~~~~~~~~~~~~~~~~~
TIME STAMPS:

ITERATION 1: [3678, 4737, 6776, 8472, 9967, 11143, 15197, 17220, 18836]
ITERATION 2: [3697, 4989, 6779, 8389, 9917, 11198, 15506, 17848, 19999]
ITERATION 3: [3831, 4826, 6943, 8693, 10254, 11426, 16146, 18075, 19923]
ITERATION 4: [3966, 4893, 7197, 8762, 10239, 11453, 15656, 18115, 20037]
ITERATION 5: [3797, 4786, 7035, 8788, 10219, 11351, 15702, 18018, 19787]
ITERATION 6: [3815, 4823, 7093, 8845, 10373, 11574, 16609, 18284, 20416]
ITERATION 7: [3793, 4814, 7206, 9023, 10556, 11683, 15810, 17820, 19359]
ITERATION 8: [3787, 5147, 7048, 8759, 10225, 11419, 15659, 18119, 20220]
ITERATION 9: [3689, 5001, 6943, 8711, 10242, 11434, 15665, 17908, 19396]

AVERAGE:     [3783, 4890, 7002, 8715, 10221, 11409, 15772, 17934, 19774]

~~~~~~~~~~~~~~~~~~~~~~~~~~~~~~~~~~~~~~~~~~~~~~~~~~~~~~~~
MEDIAN RUN: 3
--------------------------------COMPILATION SETTING: f----------07-10-2020--05:20:49-------------------------------

--------------------------------COMPILATION SETTING: c----------07-10-2020--05:27:37-------------------------------
SIZE DATA:

Size of profile: 57974
Size of app: 60760

~~~~~~~~~~~~~~~~~~~~~~~~~~~~~~~~~~~~~~~~~~~~~~~~~~~~~~~~
ACTION DURATIONS:

ITERATION 1: [3630, 1377, 1749, 1666, 1512, 1231, 4091, 1707, 1693], TOTAL: 18656
ITERATION 2: [3596, 1257, 1158, 2893, 1495, 1227, 4595, 1813, 1923], TOTAL: 19957
ITERATION 3: [3734, 1043, 2165, 1620, 1527, 1190, 4501, 2131, 1598], TOTAL: 19509
ITERATION 4: [3713, 1042, 2313, 1569, 1492, 1129, 5193, 1665, 2189], TOTAL: 20305
ITERATION 5: [3645, 1368, 1797, 1685, 1534, 1229, 4125, 2204, 1944], TOTAL: 19531
ITERATION 6: [3766, 1060, 2314, 1716, 1550, 1152, 4241, 2227, 1861], TOTAL: 19887
ITERATION 7: [3799, 993, 2245, 1724, 1560, 1161, 4029, 1747, 1709], TOTAL: 18967
ITERATION 8: [3645, 1235, 1769, 1667, 1549, 1279, 3734, 1668, 1779], TOTAL: 18325
ITERATION 9: [3681, 1416, 1913, 1597, 1497, 1265, 4455, 2088, 1769], TOTAL: 19681

AVERAGE:     [3689, 1199, 1935, 1793, 1524, 1207, 4329, 1916, 1829], TOTAL: 19421
MEDIAN:      [3681, 1235, 1913, 1667, 1527, 1227, 4241, 1813, 1779], TOTAL: 19531

~~~~~~~~~~~~~~~~~~~~~~~~~~~~~~~~~~~~~~~~~~~~~~~~~~~~~~~~
TIME STAMPS:

ITERATION 1: [3630, 5007, 6756, 8422, 9934, 11165, 15256, 16963, 18656]
ITERATION 2: [3596, 4853, 6011, 8904, 10399, 11626, 16221, 18034, 19957]
ITERATION 3: [3734, 4777, 6942, 8562, 10089, 11279, 15780, 17911, 19509]
ITERATION 4: [3713, 4755, 7068, 8637, 10129, 11258, 16451, 18116, 20305]
ITERATION 5: [3645, 5013, 6810, 8495, 10029, 11258, 15383, 17587, 19531]
ITERATION 6: [3766, 4826, 7140, 8856, 10406, 11558, 15799, 18026, 19887]
ITERATION 7: [3799, 4792, 7037, 8761, 10321, 11482, 15511, 17258, 18967]
ITERATION 8: [3645, 4880, 6649, 8316, 9865, 11144, 14878, 16546, 18325]
ITERATION 9: [3681, 5097, 7010, 8607, 10104, 11369, 15824, 17912, 19681]

AVERAGE:     [3689, 4888, 6824, 8617, 10141, 11348, 15678, 17594, 19424]

~~~~~~~~~~~~~~~~~~~~~~~~~~~~~~~~~~~~~~~~~~~~~~~~~~~~~~~~
MEDIAN RUN: 5
--------------------------------COMPILATION SETTING: c----------07-10-2020--05:27:37-------------------------------

--------------------------------COMPILATION SETTING: a----------07-10-2020--05:34:50-------------------------------
SIZE DATA:

Size of app: 170904

~~~~~~~~~~~~~~~~~~~~~~~~~~~~~~~~~~~~~~~~~~~~~~~~~~~~~~~~
ACTION DURATIONS:

ITERATION 1: [3833, 1041, 2065, 1645, 1537, 1156, 3897, 1964, 2084], TOTAL: 19222
ITERATION 2: [3671, 1272, 1816, 1575, 1542, 1187, 4116, 2104, 1703], TOTAL: 18986
ITERATION 3: [4711, 1240, 1734, 1496, 1566, 1194, 4433, 1873, 1780], TOTAL: 20027
ITERATION 4: [3676, 1041, 2457, 1515, 1559, 1169, 4647, 1865, 2263], TOTAL: 20192
ITERATION 5: [3830, 975, 2104, 1632, 1493, 1186, 3689, 1532, 1701], TOTAL: 18142
ITERATION 6: [3773, 942, 2094, 1605, 1529, 1176, 4872, 1781, 1748], TOTAL: 19520
ITERATION 7: [3728, 1010, 2036, 1604, 1553, 1132, 3654, 2383, 1941], TOTAL: 19041
ITERATION 8: [3764, 1045, 2235, 1586, 1525, 1138, 4498, 2214, 2097], TOTAL: 20102
ITERATION 9: [3730, 942, 2055, 1795, 1548, 1133, 3902, 2130, 1792], TOTAL: 19027

AVERAGE:     [3857, 1056, 2066, 1605, 1539, 1163, 4189, 1982, 1901], TOTAL: 19358
MEDIAN:      [3764, 1041, 2065, 1604, 1542, 1169, 4116, 1964, 1792], TOTAL: 19222

~~~~~~~~~~~~~~~~~~~~~~~~~~~~~~~~~~~~~~~~~~~~~~~~~~~~~~~~
TIME STAMPS:

ITERATION 1: [3833, 4874, 6939, 8584, 10121, 11277, 15174, 17138, 19222]
ITERATION 2: [3671, 4943, 6759, 8334, 9876, 11063, 15179, 17283, 18986]
ITERATION 3: [4711, 5951, 7685, 9181, 10747, 11941, 16374, 18247, 20027]
ITERATION 4: [3676, 4717, 7174, 8689, 10248, 11417, 16064, 17929, 20192]
ITERATION 5: [3830, 4805, 6909, 8541, 10034, 11220, 14909, 16441, 18142]
ITERATION 6: [3773, 4715, 6809, 8414, 9943, 11119, 15991, 17772, 19520]
ITERATION 7: [3728, 4738, 6774, 8378, 9931, 11063, 14717, 17100, 19041]
ITERATION 8: [3764, 4809, 7044, 8630, 10155, 11293, 15791, 18005, 20102]
ITERATION 9: [3730, 4672, 6727, 8522, 10070, 11203, 15105, 17235, 19027]

AVERAGE:     [3857, 4913, 6980, 8585, 10125, 11288, 15478, 17461, 19362]

~~~~~~~~~~~~~~~~~~~~~~~~~~~~~~~~~~~~~~~~~~~~~~~~~~~~~~~~
MEDIAN RUN: 1
--------------------------------COMPILATION SETTING: a----------07-10-2020--05:34:50-------------------------------

--------------------------------COMPILATION SETTING: e----------07-10-2020--05:40:38-------------------------------
SIZE DATA:

Size of profile: 0
Size of app: 45076

~~~~~~~~~~~~~~~~~~~~~~~~~~~~~~~~~~~~~~~~~~~~~~~~~~~~~~~~
ACTION DURATIONS:

ITERATION 1: [4290, 1022, 2438, 1918, 1474, 1146, 4651, 2167, 2060], TOTAL: 21166
ITERATION 2: [4315, 1025, 2573, 1687, 1476, 1224, 4660, 2097, 2148], TOTAL: 21205
ITERATION 3: [4309, 941, 2416, 1695, 1449, 1132, 4381, 2007, 1603], TOTAL: 19933
ITERATION 4: [4180, 1548, 2083, 1704, 1445, 1215, 4215, 2419, 1776], TOTAL: 20585
ITERATION 5: [4295, 1483, 2025, 1832, 1697, 1261, 4570, 2056, 1731], TOTAL: 20950
ITERATION 6: [4188, 1540, 1973, 1693, 1553, 1290, 4175, 2592, 2123], TOTAL: 21127
ITERATION 7: [4213, 1061, 2479, 1758, 1434, 1210, 5441, 2745, 1867], TOTAL: 22208
ITERATION 8: [4227, 1459, 1959, 1877, 1461, 1312, 4630, 2282, 2395], TOTAL: 21602
ITERATION 9: [4285, 1427, 2159, 1715, 1450, 1277, 4601, 2172, 1986], TOTAL: 21072

AVERAGE:     [4255, 1278, 2233, 1764, 1493, 1229, 4591, 2281, 1965], TOTAL: 21089
MEDIAN:      [4285, 1427, 2159, 1715, 1461, 1224, 4601, 2172, 1986], TOTAL: 21127

~~~~~~~~~~~~~~~~~~~~~~~~~~~~~~~~~~~~~~~~~~~~~~~~~~~~~~~~
TIME STAMPS:

ITERATION 1: [4290, 5312, 7750, 9668, 11142, 12288, 16939, 19106, 21166]
ITERATION 2: [4315, 5340, 7913, 9600, 11076, 12300, 16960, 19057, 21205]
ITERATION 3: [4309, 5250, 7666, 9361, 10810, 11942, 16323, 18330, 19933]
ITERATION 4: [4180, 5728, 7811, 9515, 10960, 12175, 16390, 18809, 20585]
ITERATION 5: [4295, 5778, 7803, 9635, 11332, 12593, 17163, 19219, 20950]
ITERATION 6: [4188, 5728, 7701, 9394, 10947, 12237, 16412, 19004, 21127]
ITERATION 7: [4213, 5274, 7753, 9511, 10945, 12155, 17596, 20341, 22208]
ITERATION 8: [4227, 5686, 7645, 9522, 10983, 12295, 16925, 19207, 21602]
ITERATION 9: [4285, 5712, 7871, 9586, 11036, 12313, 16914, 19086, 21072]

AVERAGE:     [4255, 5534, 7768, 9532, 11025, 12255, 16846, 19128, 21094]

~~~~~~~~~~~~~~~~~~~~~~~~~~~~~~~~~~~~~~~~~~~~~~~~~~~~~~~~
MEDIAN RUN: 6
--------------------------------COMPILATION SETTING: e----------07-10-2020--05:40:38-------------------------------

--------------------------------COMPILATION SETTING: u----------07-10-2020--05:46:09-------------------------------
SIZE DATA:

Size of profile: 38680
Size of app: 53208

~~~~~~~~~~~~~~~~~~~~~~~~~~~~~~~~~~~~~~~~~~~~~~~~~~~~~~~~
ACTION DURATIONS:

ITERATION 1: [4094, 992, 2641, 1796, 1439, 1131, 3545, 2212, 1968], TOTAL: 19818
ITERATION 2: [4128, 1460, 1906, 1578, 1445, 1253, 4454, 1960, 2083], TOTAL: 20267
ITERATION 3: [4188, 1007, 2603, 1694, 1563, 1154, 4789, 1917, 1729], TOTAL: 20644
ITERATION 4: [4246, 1024, 2469, 1442, 1766, 1140, 4235, 1861, 2230], TOTAL: 20413
ITERATION 5: [4217, 974, 2297, 1696, 1439, 1165, 4383, 2387, 1663], TOTAL: 20221
ITERATION 6: [4145, 1502, 1975, 1669, 1242, 1429, 4485, 2023, 1675], TOTAL: 20145
ITERATION 7: [4168, 1010, 2422, 1791, 1521, 1155, 4898, 2150, 2241], TOTAL: 21356
ITERATION 8: [4054, 908, 2237, 1618, 1447, 1188, 4679, 2150, 2389], TOTAL: 20670
ITERATION 9: [4123, 1042, 2431, 1738, 1446, 1174, 4686, 2511, 1755], TOTAL: 20906

AVERAGE:     [4151, 1102, 2331, 1669, 1478, 1198, 4461, 2130, 1970], TOTAL: 20490
MEDIAN:      [4145, 1010, 2422, 1694, 1446, 1165, 4485, 2150, 1968], TOTAL: 20413

~~~~~~~~~~~~~~~~~~~~~~~~~~~~~~~~~~~~~~~~~~~~~~~~~~~~~~~~
TIME STAMPS:

ITERATION 1: [4094, 5086, 7727, 9523, 10962, 12093, 15638, 17850, 19818]
ITERATION 2: [4128, 5588, 7494, 9072, 10517, 11770, 16224, 18184, 20267]
ITERATION 3: [4188, 5195, 7798, 9492, 11055, 12209, 16998, 18915, 20644]
ITERATION 4: [4246, 5270, 7739, 9181, 10947, 12087, 16322, 18183, 20413]
ITERATION 5: [4217, 5191, 7488, 9184, 10623, 11788, 16171, 18558, 20221]
ITERATION 6: [4145, 5647, 7622, 9291, 10533, 11962, 16447, 18470, 20145]
ITERATION 7: [4168, 5178, 7600, 9391, 10912, 12067, 16965, 19115, 21356]
ITERATION 8: [4054, 4962, 7199, 8817, 10264, 11452, 16131, 18281, 20670]
ITERATION 9: [4123, 5165, 7596, 9334, 10780, 11954, 16640, 19151, 20906]

AVERAGE:     [4151, 5253, 7584, 9253, 10732, 11931, 16392, 18523, 20493]

~~~~~~~~~~~~~~~~~~~~~~~~~~~~~~~~~~~~~~~~~~~~~~~~~~~~~~~~
MEDIAN RUN: 4
--------------------------------COMPILATION SETTING: u----------07-10-2020--05:46:09-------------------------------

--------------------------------COMPILATION SETTING: f----------07-10-2020--05:51:43-------------------------------
SIZE DATA:

Size of profile: 45241
Size of app: 59384

~~~~~~~~~~~~~~~~~~~~~~~~~~~~~~~~~~~~~~~~~~~~~~~~~~~~~~~~
ACTION DURATIONS:

ITERATION 1: [3644, 973, 2186, 1870, 1478, 1145, 3463, 2437, 1757], TOTAL: 18953
ITERATION 2: [3776, 942, 2374, 1648, 1525, 1188, 4072, 1824, 1579], TOTAL: 18928
ITERATION 3: [3764, 1410, 1772, 1644, 1542, 1151, 3972, 1874, 2437], TOTAL: 19566
ITERATION 4: [3710, 1341, 1766, 1557, 1539, 1298, 4498, 2293, 2093], TOTAL: 20095
ITERATION 5: [3737, 1326, 1781, 1800, 1534, 1184, 4315, 2437, 1953], TOTAL: 20067
ITERATION 6: [3800, 1359, 1968, 1602, 1542, 1183, 4585, 1958, 1561], TOTAL: 19558
ITERATION 7: [3651, 1320, 1891, 1710, 1519, 1256, 4112, 1678, 2067], TOTAL: 19204
ITERATION 8: [3792, 961, 2133, 1732, 1494, 1185, 4053, 2411, 2570], TOTAL: 20331
ITERATION 9: [3756, 1370, 1871, 1617, 1516, 1278, 4178, 1721, 2537], TOTAL: 19844

AVERAGE:     [3736, 1222, 1971, 1686, 1521, 1207, 4138, 2070, 2061], TOTAL: 19612
MEDIAN:      [3756, 1326, 1891, 1648, 1525, 1185, 4112, 1958, 2067], TOTAL: 19566

~~~~~~~~~~~~~~~~~~~~~~~~~~~~~~~~~~~~~~~~~~~~~~~~~~~~~~~~
TIME STAMPS:

ITERATION 1: [3644, 4617, 6803, 8673, 10151, 11296, 14759, 17196, 18953]
ITERATION 2: [3776, 4718, 7092, 8740, 10265, 11453, 15525, 17349, 18928]
ITERATION 3: [3764, 5174, 6946, 8590, 10132, 11283, 15255, 17129, 19566]
ITERATION 4: [3710, 5051, 6817, 8374, 9913, 11211, 15709, 18002, 20095]
ITERATION 5: [3737, 5063, 6844, 8644, 10178, 11362, 15677, 18114, 20067]
ITERATION 6: [3800, 5159, 7127, 8729, 10271, 11454, 16039, 17997, 19558]
ITERATION 7: [3651, 4971, 6862, 8572, 10091, 11347, 15459, 17137, 19204]
ITERATION 8: [3792, 4753, 6886, 8618, 10112, 11297, 15350, 17761, 20331]
ITERATION 9: [3756, 5126, 6997, 8614, 10130, 11408, 15586, 17307, 19844]

AVERAGE:     [3736, 4959, 6930, 8617, 10138, 11345, 15484, 17554, 19616]

~~~~~~~~~~~~~~~~~~~~~~~~~~~~~~~~~~~~~~~~~~~~~~~~~~~~~~~~
MEDIAN RUN: 3
--------------------------------COMPILATION SETTING: f----------07-10-2020--05:51:43-------------------------------

--------------------------------COMPILATION SETTING: c----------07-10-2020--05:58:25-------------------------------
SIZE DATA:

Size of profile: 59284
Size of app: 60616

~~~~~~~~~~~~~~~~~~~~~~~~~~~~~~~~~~~~~~~~~~~~~~~~~~~~~~~~
ACTION DURATIONS:

ITERATION 1: [3555, 1041, 2099, 1711, 1540, 1136, 4770, 2431, 2200], TOTAL: 20483
ITERATION 2: [3746, 1008, 1718, 1937, 1560, 1182, 4955, 2188, 2296], TOTAL: 20590
ITERATION 3: [3658, 1421, 1788, 1526, 1569, 1300, 3954, 2011, 1950], TOTAL: 19177
ITERATION 4: [3679, 1280, 1766, 1520, 1553, 1329, 4005, 1947, 1487], TOTAL: 18566
ITERATION 5: [3678, 925, 2343, 1463, 1418, 1139, 5476, 2445, 1748], TOTAL: 20635
ITERATION 6: [3762, 1336, 1784, 1544, 1544, 1300, 4025, 1862, 1808], TOTAL: 18965
ITERATION 7: [3793, 961, 2197, 1631, 1447, 1154, 4620, 2167, 1494], TOTAL: 19464
ITERATION 8: [3748, 986, 2220, 1515, 1548, 1159, 3975, 2384, 1926], TOTAL: 19461
ITERATION 9: [3745, 1390, 1733, 1473, 1553, 1259, 4082, 1852, 1891], TOTAL: 18978

AVERAGE:     [3707, 1149, 1960, 1591, 1525, 1217, 4429, 2143, 1866], TOTAL: 19587
MEDIAN:      [3745, 1041, 1788, 1526, 1548, 1182, 4082, 2167, 1891], TOTAL: 19461

~~~~~~~~~~~~~~~~~~~~~~~~~~~~~~~~~~~~~~~~~~~~~~~~~~~~~~~~
TIME STAMPS:

ITERATION 1: [3555, 4596, 6695, 8406, 9946, 11082, 15852, 18283, 20483]
ITERATION 2: [3746, 4754, 6472, 8409, 9969, 11151, 16106, 18294, 20590]
ITERATION 3: [3658, 5079, 6867, 8393, 9962, 11262, 15216, 17227, 19177]
ITERATION 4: [3679, 4959, 6725, 8245, 9798, 11127, 15132, 17079, 18566]
ITERATION 5: [3678, 4603, 6946, 8409, 9827, 10966, 16442, 18887, 20635]
ITERATION 6: [3762, 5098, 6882, 8426, 9970, 11270, 15295, 17157, 18965]
ITERATION 7: [3793, 4754, 6951, 8582, 10029, 11183, 15803, 17970, 19464]
ITERATION 8: [3748, 4734, 6954, 8469, 10017, 11176, 15151, 17535, 19461]
ITERATION 9: [3745, 5135, 6868, 8341, 9894, 11153, 15235, 17087, 18978]

AVERAGE:     [3707, 4856, 6817, 8408, 9934, 11152, 15581, 17724, 19591]

~~~~~~~~~~~~~~~~~~~~~~~~~~~~~~~~~~~~~~~~~~~~~~~~~~~~~~~~
MEDIAN RUN: 8
--------------------------------COMPILATION SETTING: c----------07-10-2020--05:58:25-------------------------------

--------------------------------COMPILATION SETTING: a----------07-10-2020--06:05:35-------------------------------
SIZE DATA:

Size of app: 170904

~~~~~~~~~~~~~~~~~~~~~~~~~~~~~~~~~~~~~~~~~~~~~~~~~~~~~~~~
ACTION DURATIONS:

ITERATION 1: [3761, 1265, 1854, 1620, 1503, 1261, 4726, 1860, 1919], TOTAL: 19769
ITERATION 2: [3792, 1303, 2039, 1560, 1555, 1224, 4519, 2089, 1998], TOTAL: 20079
ITERATION 3: [3763, 1005, 2065, 1570, 1551, 1161, 4441, 1819, 1460], TOTAL: 18835
ITERATION 4: [3851, 944, 2082, 1624, 1456, 1230, 4368, 1682, 1648], TOTAL: 18885
ITERATION 5: [3706, 927, 2065, 1522, 1559, 1126, 4059, 2198, 1776], TOTAL: 18938
ITERATION 6: [3885, 923, 1971, 1688, 1455, 1152, 4493, 1729, 1554], TOTAL: 18850
ITERATION 7: [4138, 993, 1964, 1532, 1517, 1141, 4917, 1933, 1946], TOTAL: 20081
ITERATION 8: [3783, 957, 1893, 1498, 1521, 1165, 4222, 1890, 1614], TOTAL: 18543
ITERATION 9: [3811, 1075, 2249, 1551, 1531, 1200, 4951, 1724, 1674], TOTAL: 19766

AVERAGE:     [3832, 1043, 2020, 1573, 1516, 1184, 4521, 1880, 1732], TOTAL: 19301
MEDIAN:      [3792, 993, 2039, 1560, 1521, 1165, 4493, 1860, 1674], TOTAL: 18938

~~~~~~~~~~~~~~~~~~~~~~~~~~~~~~~~~~~~~~~~~~~~~~~~~~~~~~~~
TIME STAMPS:

ITERATION 1: [3761, 5026, 6880, 8500, 10003, 11264, 15990, 17850, 19769]
ITERATION 2: [3792, 5095, 7134, 8694, 10249, 11473, 15992, 18081, 20079]
ITERATION 3: [3763, 4768, 6833, 8403, 9954, 11115, 15556, 17375, 18835]
ITERATION 4: [3851, 4795, 6877, 8501, 9957, 11187, 15555, 17237, 18885]
ITERATION 5: [3706, 4633, 6698, 8220, 9779, 10905, 14964, 17162, 18938]
ITERATION 6: [3885, 4808, 6779, 8467, 9922, 11074, 15567, 17296, 18850]
ITERATION 7: [4138, 5131, 7095, 8627, 10144, 11285, 16202, 18135, 20081]
ITERATION 8: [3783, 4740, 6633, 8131, 9652, 10817, 15039, 16929, 18543]
ITERATION 9: [3811, 4886, 7135, 8686, 10217, 11417, 16368, 18092, 19766]

AVERAGE:     [3832, 4875, 6896, 8469, 9986, 11170, 15692, 17573, 19305]

~~~~~~~~~~~~~~~~~~~~~~~~~~~~~~~~~~~~~~~~~~~~~~~~~~~~~~~~
MEDIAN RUN: 5
--------------------------------COMPILATION SETTING: a----------07-10-2020--06:05:35-------------------------------

--------------------------------COMPILATION SETTING: e----------07-10-2020--06:11:17-------------------------------
SIZE DATA:

Size of profile: 0
Size of app: 45076

~~~~~~~~~~~~~~~~~~~~~~~~~~~~~~~~~~~~~~~~~~~~~~~~~~~~~~~~
ACTION DURATIONS:

ITERATION 1: [4294, 943, 2526, 1729, 1478, 1171, 4667, 2172, 2107], TOTAL: 21087
ITERATION 2: [4297, 941, 2372, 1699, 1535, 1150, 4028, 2135, 1596], TOTAL: 19753
ITERATION 3: [4343, 995, 2605, 1707, 1462, 1155, 4494, 2410, 2390], TOTAL: 21561
ITERATION 4: [4231, 1209, 2544, 1691, 1522, 1153, 4613, 2266, 2159], TOTAL: 21388
ITERATION 5: [4394, 1536, 2042, 1804, 1441, 1208, 3685, 2113, 1909], TOTAL: 20132
ITERATION 6: [4188, 1007, 2627, 1626, 1535, 1162, 4464, 2288, 1939], TOTAL: 20836
ITERATION 7: [4275, 924, 2558, 1767, 1480, 1165, 4546, 2309, 1936], TOTAL: 20960
ITERATION 8: [4313, 1043, 2331, 1794, 1433, 1162, 4914, 2129, 1571], TOTAL: 20690
ITERATION 9: [4306, 1040, 2390, 1719, 1552, 1147, 5243, 1925, 1733], TOTAL: 21055

AVERAGE:     [4293, 1070, 2443, 1726, 1493, 1163, 4517, 2194, 1926], TOTAL: 20825
MEDIAN:      [4297, 1007, 2526, 1719, 1480, 1162, 4546, 2172, 1936], TOTAL: 20960

~~~~~~~~~~~~~~~~~~~~~~~~~~~~~~~~~~~~~~~~~~~~~~~~~~~~~~~~
TIME STAMPS:

ITERATION 1: [4294, 5237, 7763, 9492, 10970, 12141, 16808, 18980, 21087]
ITERATION 2: [4297, 5238, 7610, 9309, 10844, 11994, 16022, 18157, 19753]
ITERATION 3: [4343, 5338, 7943, 9650, 11112, 12267, 16761, 19171, 21561]
ITERATION 4: [4231, 5440, 7984, 9675, 11197, 12350, 16963, 19229, 21388]
ITERATION 5: [4394, 5930, 7972, 9776, 11217, 12425, 16110, 18223, 20132]
ITERATION 6: [4188, 5195, 7822, 9448, 10983, 12145, 16609, 18897, 20836]
ITERATION 7: [4275, 5199, 7757, 9524, 11004, 12169, 16715, 19024, 20960]
ITERATION 8: [4313, 5356, 7687, 9481, 10914, 12076, 16990, 19119, 20690]
ITERATION 9: [4306, 5346, 7736, 9455, 11007, 12154, 17397, 19322, 21055]

AVERAGE:     [4293, 5364, 7808, 9534, 11027, 12191, 16708, 18902, 20829]

~~~~~~~~~~~~~~~~~~~~~~~~~~~~~~~~~~~~~~~~~~~~~~~~~~~~~~~~
MEDIAN RUN: 7
--------------------------------COMPILATION SETTING: e----------07-10-2020--06:11:17-------------------------------

--------------------------------COMPILATION SETTING: u----------07-10-2020--06:16:48-------------------------------
SIZE DATA:

Size of profile: 38680
Size of app: 53208

~~~~~~~~~~~~~~~~~~~~~~~~~~~~~~~~~~~~~~~~~~~~~~~~~~~~~~~~
ACTION DURATIONS:

ITERATION 1: [4145, 1378, 2107, 1596, 1494, 1179, 4528, 1905, 1769], TOTAL: 20101
ITERATION 2: [4128, 992, 2428, 1805, 1585, 1170, 4279, 2534, 2010], TOTAL: 20931
ITERATION 3: [4050, 1511, 1924, 1666, 1566, 1253, 4588, 2343, 1969], TOTAL: 20870
ITERATION 4: [4235, 942, 2299, 1598, 1522, 1139, 4676, 2508, 2219], TOTAL: 21138
ITERATION 5: [4064, 1007, 2289, 1540, 1553, 1137, 4400, 2150, 1873], TOTAL: 20013
ITERATION 6: [4260, 1468, 1906, 1604, 1543, 1293, 4477, 2521, 2164], TOTAL: 21236
ITERATION 7: [4163, 1041, 2537, 1624, 1545, 1150, 4635, 2408, 2187], TOTAL: 21290
ITERATION 8: [3961, 1058, 2396, 1650, 1523, 1173, 4421, 2115, 2315], TOTAL: 20612
ITERATION 9: [4220, 952, 2525, 1675, 1550, 1176, 4922, 2205, 2131], TOTAL: 21356

AVERAGE:     [4136, 1149, 2267, 1639, 1542, 1185, 4547, 2298, 2070], TOTAL: 20833
MEDIAN:      [4145, 1041, 2299, 1624, 1545, 1173, 4528, 2343, 2131], TOTAL: 20931

~~~~~~~~~~~~~~~~~~~~~~~~~~~~~~~~~~~~~~~~~~~~~~~~~~~~~~~~
TIME STAMPS:

ITERATION 1: [4145, 5523, 7630, 9226, 10720, 11899, 16427, 18332, 20101]
ITERATION 2: [4128, 5120, 7548, 9353, 10938, 12108, 16387, 18921, 20931]
ITERATION 3: [4050, 5561, 7485, 9151, 10717, 11970, 16558, 18901, 20870]
ITERATION 4: [4235, 5177, 7476, 9074, 10596, 11735, 16411, 18919, 21138]
ITERATION 5: [4064, 5071, 7360, 8900, 10453, 11590, 15990, 18140, 20013]
ITERATION 6: [4260, 5728, 7634, 9238, 10781, 12074, 16551, 19072, 21236]
ITERATION 7: [4163, 5204, 7741, 9365, 10910, 12060, 16695, 19103, 21290]
ITERATION 8: [3961, 5019, 7415, 9065, 10588, 11761, 16182, 18297, 20612]
ITERATION 9: [4220, 5172, 7697, 9372, 10922, 12098, 17020, 19225, 21356]

AVERAGE:     [4136, 5286, 7554, 9193, 10736, 11921, 16469, 18767, 20838]

~~~~~~~~~~~~~~~~~~~~~~~~~~~~~~~~~~~~~~~~~~~~~~~~~~~~~~~~
MEDIAN RUN: 2
--------------------------------COMPILATION SETTING: u----------07-10-2020--06:16:48-------------------------------

--------------------------------COMPILATION SETTING: f----------07-10-2020--06:22:29-------------------------------
SIZE DATA:

Size of profile: 44816
Size of app: 59216

~~~~~~~~~~~~~~~~~~~~~~~~~~~~~~~~~~~~~~~~~~~~~~~~~~~~~~~~
ACTION DURATIONS:

ITERATION 1: [3696, 1024, 2191, 1642, 1480, 1152, 4216, 2008, 1511], TOTAL: 18920
ITERATION 2: [3672, 1312, 1823, 1704, 1481, 1247, 4194, 1653, 2040], TOTAL: 19126
ITERATION 3: [3831, 1040, 2271, 1754, 1507, 1146, 4633, 1729, 1839], TOTAL: 19750
ITERATION 4: [3763, 1345, 1782, 1757, 1533, 1180, 4452, 2073, 1711], TOTAL: 19596
ITERATION 5: [3770, 946, 2358, 1551, 1529, 1124, 4285, 2433, 1831], TOTAL: 19827
ITERATION 6: [3710, 946, 2292, 1650, 1553, 1162, 3586, 2127, 1920], TOTAL: 18946
ITERATION 7: [3715, 1374, 2096, 1624, 1544, 1303, 4258, 2224, 2200], TOTAL: 20338
ITERATION 8: [3787, 1009, 2142, 1636, 1535, 1168, 4825, 2225, 1433], TOTAL: 19760
ITERATION 9: [3907, 1366, 1493, 2062, 1486, 1217, 3932, 2147, 1483], TOTAL: 19093

AVERAGE:     [3761, 1151, 2049, 1708, 1516, 1188, 4264, 2068, 1774], TOTAL: 19479
MEDIAN:      [3763, 1040, 2142, 1650, 1529, 1168, 4258, 2127, 1831], TOTAL: 19596

~~~~~~~~~~~~~~~~~~~~~~~~~~~~~~~~~~~~~~~~~~~~~~~~~~~~~~~~
TIME STAMPS:

ITERATION 1: [3696, 4720, 6911, 8553, 10033, 11185, 15401, 17409, 18920]
ITERATION 2: [3672, 4984, 6807, 8511, 9992, 11239, 15433, 17086, 19126]
ITERATION 3: [3831, 4871, 7142, 8896, 10403, 11549, 16182, 17911, 19750]
ITERATION 4: [3763, 5108, 6890, 8647, 10180, 11360, 15812, 17885, 19596]
ITERATION 5: [3770, 4716, 7074, 8625, 10154, 11278, 15563, 17996, 19827]
ITERATION 6: [3710, 4656, 6948, 8598, 10151, 11313, 14899, 17026, 18946]
ITERATION 7: [3715, 5089, 7185, 8809, 10353, 11656, 15914, 18138, 20338]
ITERATION 8: [3787, 4796, 6938, 8574, 10109, 11277, 16102, 18327, 19760]
ITERATION 9: [3907, 5273, 6766, 8828, 10314, 11531, 15463, 17610, 19093]

AVERAGE:     [3761, 4912, 6962, 8671, 10187, 11376, 15641, 17709, 19484]

~~~~~~~~~~~~~~~~~~~~~~~~~~~~~~~~~~~~~~~~~~~~~~~~~~~~~~~~
MEDIAN RUN: 4
--------------------------------COMPILATION SETTING: f----------07-10-2020--06:22:29-------------------------------

--------------------------------COMPILATION SETTING: c----------07-10-2020--06:29:14-------------------------------
SIZE DATA:

Size of profile: 60055
Size of app: 60824

~~~~~~~~~~~~~~~~~~~~~~~~~~~~~~~~~~~~~~~~~~~~~~~~~~~~~~~~
ACTION DURATIONS:

ITERATION 1: [3560, 1029, 2074, 1638, 1513, 1169, 3817, 2135, 2093], TOTAL: 19028
ITERATION 2: [3710, 1011, 2406, 1542, 1580, 1193, 4151, 1836, 1753], TOTAL: 19182
ITERATION 3: [3747, 1058, 2254, 1518, 1558, 1216, 4471, 1540, 1692], TOTAL: 19054
ITERATION 4: [3592, 977, 2258, 1465, 1517, 1168, 4610, 2428, 1934], TOTAL: 19949
ITERATION 5: [3733, 1273, 1753, 1655, 1509, 1210, 4616, 2158, 1538], TOTAL: 19445
ITERATION 6: [3678, 972, 2240, 1571, 1573, 1149, 5023, 2410, 1835], TOTAL: 20451
ITERATION 7: [3659, 1388, 1771, 1508, 1554, 1189, 4061, 2044, 1414], TOTAL: 18588
ITERATION 8: [3682, 1317, 1788, 1679, 1549, 1242, 4253, 2092, 2296], TOTAL: 19898
ITERATION 9: [3793, 1353, 1756, 1557, 1555, 1270, 4115, 1832, 1962], TOTAL: 19193

AVERAGE:     [3683, 1153, 2033, 1570, 1545, 1200, 4346, 2052, 1835], TOTAL: 19417
MEDIAN:      [3682, 1058, 2074, 1557, 1554, 1193, 4253, 2092, 1835], TOTAL: 19193

~~~~~~~~~~~~~~~~~~~~~~~~~~~~~~~~~~~~~~~~~~~~~~~~~~~~~~~~
TIME STAMPS:

ITERATION 1: [3560, 4589, 6663, 8301, 9814, 10983, 14800, 16935, 19028]
ITERATION 2: [3710, 4721, 7127, 8669, 10249, 11442, 15593, 17429, 19182]
ITERATION 3: [3747, 4805, 7059, 8577, 10135, 11351, 15822, 17362, 19054]
ITERATION 4: [3592, 4569, 6827, 8292, 9809, 10977, 15587, 18015, 19949]
ITERATION 5: [3733, 5006, 6759, 8414, 9923, 11133, 15749, 17907, 19445]
ITERATION 6: [3678, 4650, 6890, 8461, 10034, 11183, 16206, 18616, 20451]
ITERATION 7: [3659, 5047, 6818, 8326, 9880, 11069, 15130, 17174, 18588]
ITERATION 8: [3682, 4999, 6787, 8466, 10015, 11257, 15510, 17602, 19898]
ITERATION 9: [3793, 5146, 6902, 8459, 10014, 11284, 15399, 17231, 19193]

AVERAGE:     [3683, 4836, 6870, 8440, 9985, 11186, 15532, 17585, 19420]

~~~~~~~~~~~~~~~~~~~~~~~~~~~~~~~~~~~~~~~~~~~~~~~~~~~~~~~~
MEDIAN RUN: 9
--------------------------------COMPILATION SETTING: c----------07-10-2020--06:29:14-------------------------------

--------------------------------COMPILATION SETTING: a----------07-10-2020--06:36:21-------------------------------
SIZE DATA:

Size of app: 170904

~~~~~~~~~~~~~~~~~~~~~~~~~~~~~~~~~~~~~~~~~~~~~~~~~~~~~~~~
ACTION DURATIONS:

ITERATION 1: [3718, 974, 2099, 1824, 1559, 1614, 4579, 1626, 1862], TOTAL: 19855
ITERATION 2: [3808, 944, 2208, 1475, 1543, 1154, 3910, 1991, 2039], TOTAL: 19072
ITERATION 3: [4779, 1224, 1747, 1490, 1541, 1182, 3897, 1633, 1548], TOTAL: 19041
ITERATION 4: [4826, 1260, 1604, 1517, 1523, 1231, 4198, 1793, 2055], TOTAL: 20007
ITERATION 5: [3766, 1303, 1642, 1565, 1528, 1235, 4029, 2289, 1598], TOTAL: 18955
ITERATION 6: [3821, 959, 2023, 1562, 1576, 1163, 4857, 1599, 1700], TOTAL: 19260
ITERATION 7: [3729, 1008, 1942, 1559, 1511, 1149, 4507, 1820, 1492], TOTAL: 18717
ITERATION 8: [3794, 1362, 1736, 1533, 1555, 1263, 4723, 2011, 1771], TOTAL: 19748
ITERATION 9: [4748, 1351, 1816, 1551, 1519, 1245, 4549, 2138, 1620], TOTAL: 20537

AVERAGE:     [4109, 1153, 1868, 1564, 1539, 1248, 4361, 1877, 1742], TOTAL: 19461
MEDIAN:      [3808, 1224, 1816, 1551, 1541, 1231, 4507, 1820, 1700], TOTAL: 19260

~~~~~~~~~~~~~~~~~~~~~~~~~~~~~~~~~~~~~~~~~~~~~~~~~~~~~~~~
TIME STAMPS:

ITERATION 1: [3718, 4692, 6791, 8615, 10174, 11788, 16367, 17993, 19855]
ITERATION 2: [3808, 4752, 6960, 8435, 9978, 11132, 15042, 17033, 19072]
ITERATION 3: [4779, 6003, 7750, 9240, 10781, 11963, 15860, 17493, 19041]
ITERATION 4: [4826, 6086, 7690, 9207, 10730, 11961, 16159, 17952, 20007]
ITERATION 5: [3766, 5069, 6711, 8276, 9804, 11039, 15068, 17357, 18955]
ITERATION 6: [3821, 4780, 6803, 8365, 9941, 11104, 15961, 17560, 19260]
ITERATION 7: [3729, 4737, 6679, 8238, 9749, 10898, 15405, 17225, 18717]
ITERATION 8: [3794, 5156, 6892, 8425, 9980, 11243, 15966, 17977, 19748]
ITERATION 9: [4748, 6099, 7915, 9466, 10985, 12230, 16779, 18917, 20537]

AVERAGE:     [4109, 5263, 7132, 8696, 10235, 11484, 15845, 17723, 19465]

~~~~~~~~~~~~~~~~~~~~~~~~~~~~~~~~~~~~~~~~~~~~~~~~~~~~~~~~
MEDIAN RUN: 6
--------------------------------COMPILATION SETTING: a----------07-10-2020--06:36:21-------------------------------

--------------------------------COMPILATION SETTING: e----------07-10-2020--06:42:00-------------------------------
SIZE DATA:

Size of profile: 0
Size of app: 45076

~~~~~~~~~~~~~~~~~~~~~~~~~~~~~~~~~~~~~~~~~~~~~~~~~~~~~~~~
ACTION DURATIONS:

ITERATION 1: [4348, 1027, 2555, 1840, 1607, 1150, 4629, 2113, 1703], TOTAL: 20972
ITERATION 2: [4169, 1057, 2557, 1790, 1447, 1147, 4363, 2675, 1710], TOTAL: 20915
ITERATION 3: [4168, 1549, 2080, 1648, 1494, 1316, 4306, 2436, 1912], TOTAL: 20909
ITERATION 4: [4384, 1513, 2067, 1691, 1494, 1215, 4287, 2501, 2264], TOTAL: 21416
ITERATION 5: [4306, 926, 2504, 1741, 1553, 1130, 3553, 2217, 1894], TOTAL: 19824
ITERATION 6: [4227, 1556, 2064, 1622, 1447, 1269, 4769, 2010, 2089], TOTAL: 21053
ITERATION 7: [4270, 973, 2549, 1725, 1459, 1212, 4810, 1959, 1671], TOTAL: 20628
ITERATION 8: [4336, 1495, 1931, 1674, 1451, 1195, 4179, 2196, 1678], TOTAL: 20135
ITERATION 9: [4381, 1008, 2429, 1852, 1463, 1144, 4726, 2423, 2152], TOTAL: 21578

AVERAGE:     [4287, 1233, 2304, 1731, 1490, 1197, 4402, 2281, 1897], TOTAL: 20822
MEDIAN:      [4306, 1057, 2429, 1725, 1463, 1195, 4363, 2217, 1894], TOTAL: 20915

~~~~~~~~~~~~~~~~~~~~~~~~~~~~~~~~~~~~~~~~~~~~~~~~~~~~~~~~
TIME STAMPS:

ITERATION 1: [4348, 5375, 7930, 9770, 11377, 12527, 17156, 19269, 20972]
ITERATION 2: [4169, 5226, 7783, 9573, 11020, 12167, 16530, 19205, 20915]
ITERATION 3: [4168, 5717, 7797, 9445, 10939, 12255, 16561, 18997, 20909]
ITERATION 4: [4384, 5897, 7964, 9655, 11149, 12364, 16651, 19152, 21416]
ITERATION 5: [4306, 5232, 7736, 9477, 11030, 12160, 15713, 17930, 19824]
ITERATION 6: [4227, 5783, 7847, 9469, 10916, 12185, 16954, 18964, 21053]
ITERATION 7: [4270, 5243, 7792, 9517, 10976, 12188, 16998, 18957, 20628]
ITERATION 8: [4336, 5831, 7762, 9436, 10887, 12082, 16261, 18457, 20135]
ITERATION 9: [4381, 5389, 7818, 9670, 11133, 12277, 17003, 19426, 21578]

AVERAGE:     [4287, 5521, 7825, 9556, 11047, 12245, 16647, 18928, 20825]

~~~~~~~~~~~~~~~~~~~~~~~~~~~~~~~~~~~~~~~~~~~~~~~~~~~~~~~~
MEDIAN RUN: 2
--------------------------------COMPILATION SETTING: e----------07-10-2020--06:42:00-------------------------------

--------------------------------COMPILATION SETTING: u----------07-10-2020--06:47:26-------------------------------
SIZE DATA:

Size of profile: 38680
Size of app: 53208

~~~~~~~~~~~~~~~~~~~~~~~~~~~~~~~~~~~~~~~~~~~~~~~~~~~~~~~~
ACTION DURATIONS:

ITERATION 1: [4117, 1476, 1872, 1661, 1462, 1263, 4408, 2630, 1997], TOTAL: 20886
ITERATION 2: [4339, 1494, 1867, 1695, 1562, 1194, 4178, 1759, 2151], TOTAL: 20239
ITERATION 3: [4185, 1505, 1993, 1695, 1535, 1176, 4154, 2381, 2014], TOTAL: 20638
ITERATION 4: [4230, 1477, 1992, 1762, 1465, 1197, 4712, 2113, 2006], TOTAL: 20954
ITERATION 5: [4130, 1058, 2398, 1741, 1524, 1232, 4121, 1907, 1893], TOTAL: 20004
ITERATION 6: [4039, 1109, 2286, 1671, 1466, 1147, 4097, 2110, 1570], TOTAL: 19495
ITERATION 7: [4013, 973, 2411, 1662, 1461, 1174, 4607, 1932, 2029], TOTAL: 20262
ITERATION 8: [4171, 1027, 2470, 1670, 1447, 1160, 4465, 2405, 2046], TOTAL: 20861
ITERATION 9: [4130, 958, 2547, 1797, 1442, 1156, 5204, 1840, 2338], TOTAL: 21412

AVERAGE:     [4150, 1230, 2204, 1706, 1484, 1188, 4438, 2119, 2004], TOTAL: 20523
MEDIAN:      [4130, 1109, 2286, 1695, 1465, 1176, 4408, 2110, 2014], TOTAL: 20638

~~~~~~~~~~~~~~~~~~~~~~~~~~~~~~~~~~~~~~~~~~~~~~~~~~~~~~~~
TIME STAMPS:

ITERATION 1: [4117, 5593, 7465, 9126, 10588, 11851, 16259, 18889, 20886]
ITERATION 2: [4339, 5833, 7700, 9395, 10957, 12151, 16329, 18088, 20239]
ITERATION 3: [4185, 5690, 7683, 9378, 10913, 12089, 16243, 18624, 20638]
ITERATION 4: [4230, 5707, 7699, 9461, 10926, 12123, 16835, 18948, 20954]
ITERATION 5: [4130, 5188, 7586, 9327, 10851, 12083, 16204, 18111, 20004]
ITERATION 6: [4039, 5148, 7434, 9105, 10571, 11718, 15815, 17925, 19495]
ITERATION 7: [4013, 4986, 7397, 9059, 10520, 11694, 16301, 18233, 20262]
ITERATION 8: [4171, 5198, 7668, 9338, 10785, 11945, 16410, 18815, 20861]
ITERATION 9: [4130, 5088, 7635, 9432, 10874, 12030, 17234, 19074, 21412]

AVERAGE:     [4150, 5381, 7585, 9291, 10776, 11964, 16403, 18523, 20527]

~~~~~~~~~~~~~~~~~~~~~~~~~~~~~~~~~~~~~~~~~~~~~~~~~~~~~~~~
MEDIAN RUN: 3
--------------------------------COMPILATION SETTING: u----------07-10-2020--06:47:26-------------------------------

--------------------------------COMPILATION SETTING: f----------07-10-2020--06:53:03-------------------------------
SIZE DATA:

Size of profile: 44358
Size of app: 58860

~~~~~~~~~~~~~~~~~~~~~~~~~~~~~~~~~~~~~~~~~~~~~~~~~~~~~~~~
ACTION DURATIONS:

ITERATION 1: [3658, 1396, 1917, 1575, 1550, 1233, 3828, 1974, 1994], TOTAL: 19125
ITERATION 2: [3893, 968, 2240, 1593, 1569, 1171, 4666, 1894, 1668], TOTAL: 19662
ITERATION 3: [3765, 975, 2233, 1745, 1520, 1207, 4313, 2483, 1899], TOTAL: 20140
ITERATION 4: [3811, 1346, 1781, 1704, 1550, 1241, 4575, 1913, 1726], TOTAL: 19647
ITERATION 5: [3729, 1319, 1896, 1596, 1523, 1188, 4123, 1911, 2018], TOTAL: 19303
ITERATION 6: [3854, 944, 2154, 1712, 1528, 1166, 3336, 1778, 1861], TOTAL: 18333
ITERATION 7: [3638, 983, 2659, 1578, 1511, 1128, 4535, 1953, 1749], TOTAL: 19734
ITERATION 8: [3739, 1090, 2098, 1578, 1557, 1144, 4226, 1828, 1761], TOTAL: 19021
ITERATION 9: [3887, 930, 2335, 1667, 1509, 1192, 4026, 2368, 1927], TOTAL: 19841

AVERAGE:     [3774, 1105, 2145, 1638, 1535, 1185, 4180, 2011, 1844], TOTAL: 19417
MEDIAN:      [3765, 983, 2154, 1596, 1528, 1188, 4226, 1913, 1861], TOTAL: 19647

~~~~~~~~~~~~~~~~~~~~~~~~~~~~~~~~~~~~~~~~~~~~~~~~~~~~~~~~
TIME STAMPS:

ITERATION 1: [3658, 5054, 6971, 8546, 10096, 11329, 15157, 17131, 19125]
ITERATION 2: [3893, 4861, 7101, 8694, 10263, 11434, 16100, 17994, 19662]
ITERATION 3: [3765, 4740, 6973, 8718, 10238, 11445, 15758, 18241, 20140]
ITERATION 4: [3811, 5157, 6938, 8642, 10192, 11433, 16008, 17921, 19647]
ITERATION 5: [3729, 5048, 6944, 8540, 10063, 11251, 15374, 17285, 19303]
ITERATION 6: [3854, 4798, 6952, 8664, 10192, 11358, 14694, 16472, 18333]
ITERATION 7: [3638, 4621, 7280, 8858, 10369, 11497, 16032, 17985, 19734]
ITERATION 8: [3739, 4829, 6927, 8505, 10062, 11206, 15432, 17260, 19021]
ITERATION 9: [3887, 4817, 7152, 8819, 10328, 11520, 15546, 17914, 19841]

AVERAGE:     [3774, 4880, 7026, 8665, 10200, 11385, 15566, 17578, 19422]

~~~~~~~~~~~~~~~~~~~~~~~~~~~~~~~~~~~~~~~~~~~~~~~~~~~~~~~~
MEDIAN RUN: 4
--------------------------------COMPILATION SETTING: f----------07-10-2020--06:53:03-------------------------------

--------------------------------COMPILATION SETTING: c----------07-10-2020--06:59:48-------------------------------
SIZE DATA:

Size of profile: 60088
Size of app: 61252

~~~~~~~~~~~~~~~~~~~~~~~~~~~~~~~~~~~~~~~~~~~~~~~~~~~~~~~~
ACTION DURATIONS:

ITERATION 1: [4652, 1319, 1737, 1558, 1511, 1220, 4570, 1619, 2271], TOTAL: 20457
ITERATION 2: [3648, 959, 1988, 1633, 1524, 1140, 4229, 2142, 2057], TOTAL: 19320
ITERATION 3: [3749, 975, 2269, 1587, 1589, 1190, 5107, 1875, 1978], TOTAL: 20319
ITERATION 4: [3701, 992, 2132, 1652, 1540, 1145, 4559, 2303, 1959], TOTAL: 19983
ITERATION 5: [3711, 1042, 2049, 1520, 1527, 1197, 3923, 1920, 1577], TOTAL: 18466
ITERATION 6: [3628, 1277, 1841, 1712, 1551, 1242, 4275, 2374, 1588], TOTAL: 19488
ITERATION 7: [3727, 1368, 1792, 1716, 1581, 1234, 4383, 1749, 2283], TOTAL: 19833
ITERATION 8: [3722, 1292, 1878, 1519, 1448, 1214, 3954, 2288, 1591], TOTAL: 18906
ITERATION 9: [3607, 1042, 2147, 1675, 1540, 1171, 4985, 2059, 3003], TOTAL: 21229

AVERAGE:     [3793, 1140, 1981, 1619, 1534, 1194, 4442, 2036, 2034], TOTAL: 19773
MEDIAN:      [3711, 1042, 1988, 1633, 1540, 1197, 4383, 2059, 1978], TOTAL: 19833

~~~~~~~~~~~~~~~~~~~~~~~~~~~~~~~~~~~~~~~~~~~~~~~~~~~~~~~~
TIME STAMPS:

ITERATION 1: [4652, 5971, 7708, 9266, 10777, 11997, 16567, 18186, 20457]
ITERATION 2: [3648, 4607, 6595, 8228, 9752, 10892, 15121, 17263, 19320]
ITERATION 3: [3749, 4724, 6993, 8580, 10169, 11359, 16466, 18341, 20319]
ITERATION 4: [3701, 4693, 6825, 8477, 10017, 11162, 15721, 18024, 19983]
ITERATION 5: [3711, 4753, 6802, 8322, 9849, 11046, 14969, 16889, 18466]
ITERATION 6: [3628, 4905, 6746, 8458, 10009, 11251, 15526, 17900, 19488]
ITERATION 7: [3727, 5095, 6887, 8603, 10184, 11418, 15801, 17550, 19833]
ITERATION 8: [3722, 5014, 6892, 8411, 9859, 11073, 15027, 17315, 18906]
ITERATION 9: [3607, 4649, 6796, 8471, 10011, 11182, 16167, 18226, 21229]

AVERAGE:     [3793, 4934, 6916, 8535, 10069, 11264, 15707, 17743, 19777]

~~~~~~~~~~~~~~~~~~~~~~~~~~~~~~~~~~~~~~~~~~~~~~~~~~~~~~~~
MEDIAN RUN: 7
--------------------------------COMPILATION SETTING: c----------07-10-2020--06:59:48-------------------------------

--------------------------------COMPILATION SETTING: a----------07-10-2020--07:07:01-------------------------------
SIZE DATA:

Size of app: 170904

~~~~~~~~~~~~~~~~~~~~~~~~~~~~~~~~~~~~~~~~~~~~~~~~~~~~~~~~
ACTION DURATIONS:

ITERATION 1: [3688, 1336, 1703, 1634, 1496, 1184, 4441, 1663, 1627], TOTAL: 18772
ITERATION 2: [3742, 1310, 1732, 1647, 1564, 1234, 5222, 1643, 2006], TOTAL: 20100
ITERATION 3: [3690, 1308, 1837, 1648, 1526, 1263, 4649, 1584, 2003], TOTAL: 19508
ITERATION 4: [4754, 1289, 1765, 1560, 1523, 1181, 4608, 2164, 1959], TOTAL: 20803
ITERATION 5: [3815, 1288, 1771, 1557, 1572, 1237, 4080, 1880, 2147], TOTAL: 19347
ITERATION 6: [3856, 956, 2077, 1668, 1535, 1151, 4168, 1899, 1676], TOTAL: 18986
ITERATION 7: [3753, 1365, 1853, 1561, 1544, 1191, 4127, 1652, 1585], TOTAL: 18631
ITERATION 8: [4792, 1027, 2075, 1620, 1499, 1135, 4796, 1596, 2218], TOTAL: 20758
ITERATION 9: [4748, 992, 2062, 1566, 1534, 1454, 4833, 1949, 1977], TOTAL: 21115

AVERAGE:     [4093, 1207, 1875, 1606, 1532, 1225, 4547, 1781, 1910], TOTAL: 19776
MEDIAN:      [3815, 1289, 1837, 1620, 1534, 1191, 4608, 1663, 1977], TOTAL: 19508

~~~~~~~~~~~~~~~~~~~~~~~~~~~~~~~~~~~~~~~~~~~~~~~~~~~~~~~~
TIME STAMPS:

ITERATION 1: [3688, 5024, 6727, 8361, 9857, 11041, 15482, 17145, 18772]
ITERATION 2: [3742, 5052, 6784, 8431, 9995, 11229, 16451, 18094, 20100]
ITERATION 3: [3690, 4998, 6835, 8483, 10009, 11272, 15921, 17505, 19508]
ITERATION 4: [4754, 6043, 7808, 9368, 10891, 12072, 16680, 18844, 20803]
ITERATION 5: [3815, 5103, 6874, 8431, 10003, 11240, 15320, 17200, 19347]
ITERATION 6: [3856, 4812, 6889, 8557, 10092, 11243, 15411, 17310, 18986]
ITERATION 7: [3753, 5118, 6971, 8532, 10076, 11267, 15394, 17046, 18631]
ITERATION 8: [4792, 5819, 7894, 9514, 11013, 12148, 16944, 18540, 20758]
ITERATION 9: [4748, 5740, 7802, 9368, 10902, 12356, 17189, 19138, 21115]

AVERAGE:     [4093, 5301, 7176, 8782, 10315, 11540, 16088, 17869, 19780]

~~~~~~~~~~~~~~~~~~~~~~~~~~~~~~~~~~~~~~~~~~~~~~~~~~~~~~~~
MEDIAN RUN: 3
--------------------------------COMPILATION SETTING: a----------07-10-2020--07:07:01-------------------------------

--------------------------------COMPILATION SETTING: e----------07-10-2020--07:12:50-------------------------------
SIZE DATA:

Size of profile: 0
Size of app: 45076

~~~~~~~~~~~~~~~~~~~~~~~~~~~~~~~~~~~~~~~~~~~~~~~~~~~~~~~~
ACTION DURATIONS:

ITERATION 1: [4132, 944, 2393, 1702, 1535, 1196, 4486, 2384, 2012], TOTAL: 20784
ITERATION 2: [4302, 925, 2405, 1604, 1569, 1163, 4199, 1929, 1759], TOTAL: 19855
ITERATION 3: [4282, 1542, 2239, 1712, 1556, 1296, 5546, 1902, 1666], TOTAL: 21741
ITERATION 4: [4262, 1011, 2421, 1759, 1464, 1160, 4367, 1685, 1949], TOTAL: 20078
ITERATION 5: [4401, 1460, 1881, 1705, 1520, 1180, 4645, 2151, 2011], TOTAL: 20954
ITERATION 6: [4205, 1077, 2530, 1812, 1750, 1248, 4495, 2313, 1728], TOTAL: 21158
ITERATION 7: [4407, 980, 2433, 1646, 1563, 1146, 4517, 2278, 2424], TOTAL: 21394
ITERATION 8: [4207, 1514, 1881, 1721, 1559, 1265, 4477, 2541, 1805], TOTAL: 20970
ITERATION 9: [4282, 944, 2693, 1822, 1591, 1225, 3637, 1960, 1968], TOTAL: 20122

AVERAGE:     [4275, 1155, 2319, 1720, 1567, 1208, 4485, 2127, 1924], TOTAL: 20780
MEDIAN:      [4282, 1011, 2405, 1712, 1559, 1196, 4486, 2151, 1949], TOTAL: 20954

~~~~~~~~~~~~~~~~~~~~~~~~~~~~~~~~~~~~~~~~~~~~~~~~~~~~~~~~
TIME STAMPS:

ITERATION 1: [4132, 5076, 7469, 9171, 10706, 11902, 16388, 18772, 20784]
ITERATION 2: [4302, 5227, 7632, 9236, 10805, 11968, 16167, 18096, 19855]
ITERATION 3: [4282, 5824, 8063, 9775, 11331, 12627, 18173, 20075, 21741]
ITERATION 4: [4262, 5273, 7694, 9453, 10917, 12077, 16444, 18129, 20078]
ITERATION 5: [4401, 5861, 7742, 9447, 10967, 12147, 16792, 18943, 20954]
ITERATION 6: [4205, 5282, 7812, 9624, 11374, 12622, 17117, 19430, 21158]
ITERATION 7: [4407, 5387, 7820, 9466, 11029, 12175, 16692, 18970, 21394]
ITERATION 8: [4207, 5721, 7602, 9323, 10882, 12147, 16624, 19165, 20970]
ITERATION 9: [4282, 5226, 7919, 9741, 11332, 12557, 16194, 18154, 20122]

AVERAGE:     [4275, 5430, 7750, 9470, 11038, 12246, 16732, 18859, 20784]

~~~~~~~~~~~~~~~~~~~~~~~~~~~~~~~~~~~~~~~~~~~~~~~~~~~~~~~~
MEDIAN RUN: 5
--------------------------------COMPILATION SETTING: e----------07-10-2020--07:12:50-------------------------------

--------------------------------COMPILATION SETTING: u----------07-10-2020--07:18:21-------------------------------
SIZE DATA:

Size of profile: 38680
Size of app: 53208

~~~~~~~~~~~~~~~~~~~~~~~~~~~~~~~~~~~~~~~~~~~~~~~~~~~~~~~~
ACTION DURATIONS:

ITERATION 1: [3980, 1498, 1993, 1655, 1456, 1276, 4966, 2348, 2311], TOTAL: 21483
ITERATION 2: [4066, 1511, 1915, 1631, 1535, 1221, 4049, 2412, 1876], TOTAL: 20216
ITERATION 3: [4146, 1416, 2006, 1643, 1438, 1272, 4282, 1999, 2104], TOTAL: 20306
ITERATION 4: [4213, 1009, 2355, 1697, 1457, 1142, 4638, 1950, 1803], TOTAL: 20264
ITERATION 5: [4010, 1503, 1898, 1555, 1449, 1325, 3979, 2402, 2329], TOTAL: 20450
ITERATION 6: [4249, 1013, 2478, 1596, 1521, 1163, 4073, 2055, 2046], TOTAL: 20194
ITERATION 7: [4108, 1041, 2349, 1619, 1455, 1137, 4124, 2097, 2015], TOTAL: 19945
ITERATION 8: [4099, 974, 2488, 1667, 1457, 1180, 4541, 2035, 1760], TOTAL: 20201
ITERATION 9: [4146, 943, 2516, 1683, 1462, 1126, 4457, 1978, 2105], TOTAL: 20416

AVERAGE:     [4113, 1212, 2222, 1638, 1470, 1204, 4345, 2141, 2038], TOTAL: 20383
MEDIAN:      [4108, 1041, 2349, 1643, 1457, 1180, 4282, 2055, 2046], TOTAL: 20264

~~~~~~~~~~~~~~~~~~~~~~~~~~~~~~~~~~~~~~~~~~~~~~~~~~~~~~~~
TIME STAMPS:

ITERATION 1: [3980, 5478, 7471, 9126, 10582, 11858, 16824, 19172, 21483]
ITERATION 2: [4066, 5577, 7492, 9123, 10658, 11879, 15928, 18340, 20216]
ITERATION 3: [4146, 5562, 7568, 9211, 10649, 11921, 16203, 18202, 20306]
ITERATION 4: [4213, 5222, 7577, 9274, 10731, 11873, 16511, 18461, 20264]
ITERATION 5: [4010, 5513, 7411, 8966, 10415, 11740, 15719, 18121, 20450]
ITERATION 6: [4249, 5262, 7740, 9336, 10857, 12020, 16093, 18148, 20194]
ITERATION 7: [4108, 5149, 7498, 9117, 10572, 11709, 15833, 17930, 19945]
ITERATION 8: [4099, 5073, 7561, 9228, 10685, 11865, 16406, 18441, 20201]
ITERATION 9: [4146, 5089, 7605, 9288, 10750, 11876, 16333, 18311, 20416]

AVERAGE:     [4113, 5325, 7547, 9185, 10655, 11860, 16205, 18347, 20386]

~~~~~~~~~~~~~~~~~~~~~~~~~~~~~~~~~~~~~~~~~~~~~~~~~~~~~~~~
MEDIAN RUN: 4
--------------------------------COMPILATION SETTING: u----------07-10-2020--07:18:21-------------------------------

--------------------------------COMPILATION SETTING: f----------07-10-2020--07:23:59-------------------------------
SIZE DATA:

Size of profile: 44799
Size of app: 58996

~~~~~~~~~~~~~~~~~~~~~~~~~~~~~~~~~~~~~~~~~~~~~~~~~~~~~~~~
ACTION DURATIONS:

ITERATION 1: [3626, 992, 2317, 1550, 1435, 1133, 4796, 2030, 1663], TOTAL: 19542
ITERATION 2: [3760, 1041, 2137, 1673, 1571, 1161, 4440, 2419, 1636], TOTAL: 19838
ITERATION 3: [3713, 1341, 1775, 1641, 1566, 1265, 4219, 1756, 1773], TOTAL: 19049
ITERATION 4: [3990, 1010, 2454, 1697, 1530, 1160, 3482, 1634, 1788], TOTAL: 18745
ITERATION 5: [3767, 1423, 1887, 1626, 1519, 1177, 3873, 1948, 1995], TOTAL: 19215
ITERATION 6: [3729, 1110, 2322, 1640, 1454, 1158, 4427, 1997, 1707], TOTAL: 19544
ITERATION 7: [3961, 1094, 2317, 1624, 1553, 1185, 4276, 2174, 2266], TOTAL: 20450
ITERATION 8: [3726, 1021, 1768, 2048, 1549, 1185, 4125, 2029, 1654], TOTAL: 19105
ITERATION 9: [3723, 1289, 1926, 1608, 1548, 1197, 4258, 2433, 1597], TOTAL: 19579

AVERAGE:     [3777, 1146, 2100, 1678, 1525, 1180, 4210, 2046, 1786], TOTAL: 19448
MEDIAN:      [3729, 1094, 2137, 1640, 1548, 1177, 4258, 2029, 1707], TOTAL: 19542

~~~~~~~~~~~~~~~~~~~~~~~~~~~~~~~~~~~~~~~~~~~~~~~~~~~~~~~~
TIME STAMPS:

ITERATION 1: [3626, 4618, 6935, 8485, 9920, 11053, 15849, 17879, 19542]
ITERATION 2: [3760, 4801, 6938, 8611, 10182, 11343, 15783, 18202, 19838]
ITERATION 3: [3713, 5054, 6829, 8470, 10036, 11301, 15520, 17276, 19049]
ITERATION 4: [3990, 5000, 7454, 9151, 10681, 11841, 15323, 16957, 18745]
ITERATION 5: [3767, 5190, 7077, 8703, 10222, 11399, 15272, 17220, 19215]
ITERATION 6: [3729, 4839, 7161, 8801, 10255, 11413, 15840, 17837, 19544]
ITERATION 7: [3961, 5055, 7372, 8996, 10549, 11734, 16010, 18184, 20450]
ITERATION 8: [3726, 4747, 6515, 8563, 10112, 11297, 15422, 17451, 19105]
ITERATION 9: [3723, 5012, 6938, 8546, 10094, 11291, 15549, 17982, 19579]

AVERAGE:     [3777, 4924, 7024, 8702, 10227, 11408, 15618, 17665, 19451]

~~~~~~~~~~~~~~~~~~~~~~~~~~~~~~~~~~~~~~~~~~~~~~~~~~~~~~~~
MEDIAN RUN: 1
--------------------------------COMPILATION SETTING: f----------07-10-2020--07:23:59-------------------------------

--------------------------------COMPILATION SETTING: c----------07-10-2020--07:30:43-------------------------------
SIZE DATA:

Size of profile: 59472
Size of app: 61084

~~~~~~~~~~~~~~~~~~~~~~~~~~~~~~~~~~~~~~~~~~~~~~~~~~~~~~~~
ACTION DURATIONS:

ITERATION 1: [4657, 1277, 1836, 1506, 1504, 1240, 4139, 2221, 1423], TOTAL: 19803
ITERATION 2: [3578, 1314, 1977, 1542, 1507, 1229, 4552, 1920, 1532], TOTAL: 19151
ITERATION 3: [3781, 957, 2333, 1644, 1557, 1218, 4648, 1858, 1852], TOTAL: 19848
ITERATION 4: [3772, 942, 2312, 1723, 1524, 1139, 4592, 2033, 1482], TOTAL: 19519
ITERATION 5: [3673, 1366, 1867, 1610, 1527, 1208, 4296, 1712, 1844], TOTAL: 19103
ITERATION 6: [3710, 962, 2234, 1592, 1549, 1162, 5150, 1745, 1842], TOTAL: 19946
ITERATION 7: [3612, 1313, 2509, 1582, 1553, 1202, 4630, 1794, 1966], TOTAL: 20161
ITERATION 8: [3637, 926, 2080, 1536, 1528, 1158, 4864, 2247, 1913], TOTAL: 19889
ITERATION 9: [3746, 973, 2241, 1649, 1541, 1160, 4706, 2101, 1620], TOTAL: 19737

AVERAGE:     [3796, 1114, 2154, 1598, 1532, 1190, 4619, 1959, 1719], TOTAL: 19681
MEDIAN:      [3710, 973, 2234, 1592, 1528, 1202, 4630, 1920, 1842], TOTAL: 19803

~~~~~~~~~~~~~~~~~~~~~~~~~~~~~~~~~~~~~~~~~~~~~~~~~~~~~~~~
TIME STAMPS:

ITERATION 1: [4657, 5934, 7770, 9276, 10780, 12020, 16159, 18380, 19803]
ITERATION 2: [3578, 4892, 6869, 8411, 9918, 11147, 15699, 17619, 19151]
ITERATION 3: [3781, 4738, 7071, 8715, 10272, 11490, 16138, 17996, 19848]
ITERATION 4: [3772, 4714, 7026, 8749, 10273, 11412, 16004, 18037, 19519]
ITERATION 5: [3673, 5039, 6906, 8516, 10043, 11251, 15547, 17259, 19103]
ITERATION 6: [3710, 4672, 6906, 8498, 10047, 11209, 16359, 18104, 19946]
ITERATION 7: [3612, 4925, 7434, 9016, 10569, 11771, 16401, 18195, 20161]
ITERATION 8: [3637, 4563, 6643, 8179, 9707, 10865, 15729, 17976, 19889]
ITERATION 9: [3746, 4719, 6960, 8609, 10150, 11310, 16016, 18117, 19737]

AVERAGE:     [3796, 4910, 7065, 8663, 10195, 11386, 16005, 17964, 19684]

~~~~~~~~~~~~~~~~~~~~~~~~~~~~~~~~~~~~~~~~~~~~~~~~~~~~~~~~
MEDIAN RUN: 1
--------------------------------COMPILATION SETTING: c----------07-10-2020--07:30:43-------------------------------

--------------------------------COMPILATION SETTING: a----------07-10-2020--07:37:59-------------------------------
SIZE DATA:

Size of app: 170904

~~~~~~~~~~~~~~~~~~~~~~~~~~~~~~~~~~~~~~~~~~~~~~~~~~~~~~~~
ACTION DURATIONS:

ITERATION 1: [4718, 1009, 2074, 1561, 1558, 1156, 4376, 1580, 1999], TOTAL: 20031
ITERATION 2: [3698, 941, 2063, 1667, 1518, 1202, 4392, 1481, 2008], TOTAL: 18970
ITERATION 3: [3744, 977, 2029, 1549, 1531, 1194, 4406, 1722, 1955], TOTAL: 19107
ITERATION 4: [3757, 941, 2124, 1520, 1553, 1179, 4765, 1534, 2007], TOTAL: 19380
ITERATION 5: [3788, 995, 2087, 1725, 1550, 1176, 4242, 2285, 1607], TOTAL: 19455
ITERATION 6: [3775, 1351, 2401, 1535, 1555, 1175, 4303, 2099, 1489], TOTAL: 19683
ITERATION 7: [3784, 1325, 1776, 1532, 1572, 1227, 4274, 2072, 1410], TOTAL: 18972
ITERATION 8: [3784, 1373, 1758, 1575, 1779, 1197, 4972, 1858, 1509], TOTAL: 19805
ITERATION 9: [4834, 1331, 1790, 1505, 1546, 1170, 4749, 2018, 1439], TOTAL: 20382

AVERAGE:     [3986, 1138, 2011, 1574, 1573, 1186, 4497, 1849, 1713], TOTAL: 19527
MEDIAN:      [3784, 1009, 2063, 1549, 1553, 1179, 4392, 1858, 1607], TOTAL: 19455

~~~~~~~~~~~~~~~~~~~~~~~~~~~~~~~~~~~~~~~~~~~~~~~~~~~~~~~~
TIME STAMPS:

ITERATION 1: [4718, 5727, 7801, 9362, 10920, 12076, 16452, 18032, 20031]
ITERATION 2: [3698, 4639, 6702, 8369, 9887, 11089, 15481, 16962, 18970]
ITERATION 3: [3744, 4721, 6750, 8299, 9830, 11024, 15430, 17152, 19107]
ITERATION 4: [3757, 4698, 6822, 8342, 9895, 11074, 15839, 17373, 19380]
ITERATION 5: [3788, 4783, 6870, 8595, 10145, 11321, 15563, 17848, 19455]
ITERATION 6: [3775, 5126, 7527, 9062, 10617, 11792, 16095, 18194, 19683]
ITERATION 7: [3784, 5109, 6885, 8417, 9989, 11216, 15490, 17562, 18972]
ITERATION 8: [3784, 5157, 6915, 8490, 10269, 11466, 16438, 18296, 19805]
ITERATION 9: [4834, 6165, 7955, 9460, 11006, 12176, 16925, 18943, 20382]

AVERAGE:     [3986, 5125, 7136, 8710, 10284, 11470, 15968, 17818, 19531]

~~~~~~~~~~~~~~~~~~~~~~~~~~~~~~~~~~~~~~~~~~~~~~~~~~~~~~~~
MEDIAN RUN: 5
--------------------------------COMPILATION SETTING: a----------07-10-2020--07:37:59-------------------------------

--------------------------------COMPILATION SETTING: e----------07-10-2020--07:43:40-------------------------------
SIZE DATA:

Size of profile: 0
Size of app: 45076

~~~~~~~~~~~~~~~~~~~~~~~~~~~~~~~~~~~~~~~~~~~~~~~~~~~~~~~~
ACTION DURATIONS:

ITERATION 1: [4162, 1443, 2000, 1783, 1483, 1250, 4722, 2216, 2027], TOTAL: 21086
ITERATION 2: [4131, 1009, 2450, 1661, 1468, 1179, 4587, 2424, 1739], TOTAL: 20648
ITERATION 3: [4166, 1082, 2551, 1749, 1458, 1149, 5140, 2191, 1820], TOTAL: 21306
ITERATION 4: [4403, 926, 2367, 1832, 1499, 1195, 4631, 2223, 1979], TOTAL: 21055
ITERATION 5: [4174, 1057, 2508, 1792, 1565, 1452, 4594, 1903, 1774], TOTAL: 20819
ITERATION 6: [4277, 1551, 1993, 1594, 1464, 1190, 4550, 2421, 1881], TOTAL: 20921
ITERATION 7: [4279, 1448, 2033, 1729, 1508, 1281, 4227, 2384, 2578], TOTAL: 21467
ITERATION 8: [4158, 910, 2564, 1666, 1549, 1188, 4164, 1982, 2302], TOTAL: 20483
ITERATION 9: [4209, 1526, 2058, 1711, 1553, 1226, 4801, 2507, 1645], TOTAL: 21236

AVERAGE:     [4217, 1216, 2280, 1724, 1505, 1234, 4601, 2250, 1971], TOTAL: 20998
MEDIAN:      [4174, 1082, 2367, 1729, 1499, 1195, 4594, 2223, 1881], TOTAL: 21055

~~~~~~~~~~~~~~~~~~~~~~~~~~~~~~~~~~~~~~~~~~~~~~~~~~~~~~~~
TIME STAMPS:

ITERATION 1: [4162, 5605, 7605, 9388, 10871, 12121, 16843, 19059, 21086]
ITERATION 2: [4131, 5140, 7590, 9251, 10719, 11898, 16485, 18909, 20648]
ITERATION 3: [4166, 5248, 7799, 9548, 11006, 12155, 17295, 19486, 21306]
ITERATION 4: [4403, 5329, 7696, 9528, 11027, 12222, 16853, 19076, 21055]
ITERATION 5: [4174, 5231, 7739, 9531, 11096, 12548, 17142, 19045, 20819]
ITERATION 6: [4277, 5828, 7821, 9415, 10879, 12069, 16619, 19040, 20921]
ITERATION 7: [4279, 5727, 7760, 9489, 10997, 12278, 16505, 18889, 21467]
ITERATION 8: [4158, 5068, 7632, 9298, 10847, 12035, 16199, 18181, 20483]
ITERATION 9: [4209, 5735, 7793, 9504, 11057, 12283, 17084, 19591, 21236]

AVERAGE:     [4217, 5434, 7715, 9439, 10944, 12178, 16780, 19030, 21002]

~~~~~~~~~~~~~~~~~~~~~~~~~~~~~~~~~~~~~~~~~~~~~~~~~~~~~~~~
MEDIAN RUN: 4
--------------------------------COMPILATION SETTING: e----------07-10-2020--07:43:40-------------------------------

--------------------------------COMPILATION SETTING: u----------07-10-2020--07:49:10-------------------------------
SIZE DATA:

Size of profile: 38680
Size of app: 53208

~~~~~~~~~~~~~~~~~~~~~~~~~~~~~~~~~~~~~~~~~~~~~~~~~~~~~~~~
ACTION DURATIONS:

ITERATION 1: [4126, 1041, 2317, 1767, 1541, 1149, 4512, 1778, 1902], TOTAL: 20133
ITERATION 2: [4988, 1462, 2004, 1638, 1533, 1305, 4415, 2463, 1648], TOTAL: 21456
ITERATION 3: [4140, 1532, 1907, 1559, 1549, 1256, 4492, 1791, 1978], TOTAL: 20204
ITERATION 4: [5030, 1009, 2452, 1810, 1526, 1206, 4528, 2330, 2388], TOTAL: 22279
ITERATION 5: [4208, 1392, 2056, 1654, 1471, 1193, 4524, 1948, 1769], TOTAL: 20215
ITERATION 6: [4250, 1490, 2011, 1684, 1556, 1321, 4332, 2502, 2098], TOTAL: 21244
ITERATION 7: [4005, 1489, 2000, 1713, 1552, 1266, 4538, 2023, 2040], TOTAL: 20626
ITERATION 8: [3977, 1065, 2308, 1678, 1519, 1160, 4125, 2215, 2016], TOTAL: 20063
ITERATION 9: [4191, 1009, 2399, 1764, 1543, 1166, 4473, 2367, 2204], TOTAL: 21116

AVERAGE:     [4323, 1276, 2161, 1696, 1532, 1224, 4437, 2157, 2004], TOTAL: 20810
MEDIAN:      [4191, 1392, 2056, 1684, 1541, 1206, 4492, 2215, 2016], TOTAL: 20626

~~~~~~~~~~~~~~~~~~~~~~~~~~~~~~~~~~~~~~~~~~~~~~~~~~~~~~~~
TIME STAMPS:

ITERATION 1: [4126, 5167, 7484, 9251, 10792, 11941, 16453, 18231, 20133]
ITERATION 2: [4988, 6450, 8454, 10092, 11625, 12930, 17345, 19808, 21456]
ITERATION 3: [4140, 5672, 7579, 9138, 10687, 11943, 16435, 18226, 20204]
ITERATION 4: [5030, 6039, 8491, 10301, 11827, 13033, 17561, 19891, 22279]
ITERATION 5: [4208, 5600, 7656, 9310, 10781, 11974, 16498, 18446, 20215]
ITERATION 6: [4250, 5740, 7751, 9435, 10991, 12312, 16644, 19146, 21244]
ITERATION 7: [4005, 5494, 7494, 9207, 10759, 12025, 16563, 18586, 20626]
ITERATION 8: [3977, 5042, 7350, 9028, 10547, 11707, 15832, 18047, 20063]
ITERATION 9: [4191, 5200, 7599, 9363, 10906, 12072, 16545, 18912, 21116]

AVERAGE:     [4323, 5600, 7762, 9458, 10990, 12215, 16652, 18810, 20815]

~~~~~~~~~~~~~~~~~~~~~~~~~~~~~~~~~~~~~~~~~~~~~~~~~~~~~~~~
MEDIAN RUN: 7
--------------------------------COMPILATION SETTING: u----------07-10-2020--07:49:10-------------------------------

--------------------------------COMPILATION SETTING: f----------07-10-2020--07:54:52-------------------------------
SIZE DATA:

Size of profile: 45020
Size of app: 59560

~~~~~~~~~~~~~~~~~~~~~~~~~~~~~~~~~~~~~~~~~~~~~~~~~~~~~~~~
ACTION DURATIONS:

ITERATION 1: [3693, 1061, 2380, 1607, 1575, 1174, 4529, 1893, 1655], TOTAL: 19567
ITERATION 2: [3852, 1295, 1876, 1620, 1436, 1234, 3969, 1933, 1978], TOTAL: 19193
ITERATION 3: [3895, 942, 2262, 1606, 1530, 1158, 4550, 2105, 1472], TOTAL: 19520
ITERATION 4: [3810, 1009, 2243, 1575, 1555, 1172, 4451, 1911, 1718], TOTAL: 19444
ITERATION 5: [3830, 1333, 1791, 1675, 1588, 1215, 4433, 2179, 1942], TOTAL: 19986
ITERATION 6: [3740, 1006, 2350, 1571, 1438, 1183, 4610, 2161, 2104], TOTAL: 20163
ITERATION 7: [3840, 1006, 2514, 1615, 1567, 1206, 4743, 1846, 1880], TOTAL: 20217
ITERATION 8: [3731, 1060, 2445, 1736, 1350, 1337, 4440, 2071, 1886], TOTAL: 20056
ITERATION 9: [3796, 1024, 2274, 1597, 1547, 1137, 4567, 1964, 1576], TOTAL: 19482

AVERAGE:     [3798, 1081, 2237, 1622, 1509, 1201, 4476, 2007, 1801], TOTAL: 19732
MEDIAN:      [3810, 1024, 2274, 1607, 1547, 1183, 4529, 1964, 1880], TOTAL: 19567

~~~~~~~~~~~~~~~~~~~~~~~~~~~~~~~~~~~~~~~~~~~~~~~~~~~~~~~~
TIME STAMPS:

ITERATION 1: [3693, 4754, 7134, 8741, 10316, 11490, 16019, 17912, 19567]
ITERATION 2: [3852, 5147, 7023, 8643, 10079, 11313, 15282, 17215, 19193]
ITERATION 3: [3895, 4837, 7099, 8705, 10235, 11393, 15943, 18048, 19520]
ITERATION 4: [3810, 4819, 7062, 8637, 10192, 11364, 15815, 17726, 19444]
ITERATION 5: [3830, 5163, 6954, 8629, 10217, 11432, 15865, 18044, 19986]
ITERATION 6: [3740, 4746, 7096, 8667, 10105, 11288, 15898, 18059, 20163]
ITERATION 7: [3840, 4846, 7360, 8975, 10542, 11748, 16491, 18337, 20217]
ITERATION 8: [3731, 4791, 7236, 8972, 10322, 11659, 16099, 18170, 20056]
ITERATION 9: [3796, 4820, 7094, 8691, 10238, 11375, 15942, 17906, 19482]

AVERAGE:     [3798, 4880, 7117, 8740, 10249, 11451, 15928, 17935, 19736]

~~~~~~~~~~~~~~~~~~~~~~~~~~~~~~~~~~~~~~~~~~~~~~~~~~~~~~~~
MEDIAN RUN: 1
--------------------------------COMPILATION SETTING: f----------07-10-2020--07:54:52-------------------------------

--------------------------------COMPILATION SETTING: c----------07-10-2020--08:01:39-------------------------------
SIZE DATA:

Size of profile: 59624
Size of app: 60808

~~~~~~~~~~~~~~~~~~~~~~~~~~~~~~~~~~~~~~~~~~~~~~~~~~~~~~~~
ACTION DURATIONS:

ITERATION 1: [3606, 1026, 2309, 1570, 1539, 1170, 3811, 1902, 1675], TOTAL: 18608
ITERATION 2: [3641, 993, 2166, 1532, 1529, 1159, 4892, 2035, 1502], TOTAL: 19449
ITERATION 3: [3733, 1025, 2291, 1476, 1425, 1133, 4341, 2095, 3200], TOTAL: 20719
ITERATION 4: [3610, 1307, 1894, 1684, 1515, 1158, 4496, 1874, 1849], TOTAL: 19387
ITERATION 5: [3736, 961, 2166, 1658, 1536, 1170, 4352, 1786, 1925], TOTAL: 19290
ITERATION 6: [3644, 1311, 1930, 1750, 1514, 1211, 4547, 2351, 1729], TOTAL: 19987
ITERATION 7: [3761, 1432, 1774, 1601, 1546, 1210, 4639, 2357, 1609], TOTAL: 19929
ITERATION 8: [3775, 1372, 1989, 1583, 1580, 1255, 3980, 1855, 1907], TOTAL: 19296
ITERATION 9: [3738, 1306, 1857, 1605, 1484, 1167, 4373, 1555, 1806], TOTAL: 18891

AVERAGE:     [3693, 1192, 2041, 1606, 1518, 1181, 4381, 1978, 1911], TOTAL: 19501
MEDIAN:      [3733, 1306, 1989, 1601, 1529, 1170, 4373, 1902, 1806], TOTAL: 19387

~~~~~~~~~~~~~~~~~~~~~~~~~~~~~~~~~~~~~~~~~~~~~~~~~~~~~~~~
TIME STAMPS:

ITERATION 1: [3606, 4632, 6941, 8511, 10050, 11220, 15031, 16933, 18608]
ITERATION 2: [3641, 4634, 6800, 8332, 9861, 11020, 15912, 17947, 19449]
ITERATION 3: [3733, 4758, 7049, 8525, 9950, 11083, 15424, 17519, 20719]
ITERATION 4: [3610, 4917, 6811, 8495, 10010, 11168, 15664, 17538, 19387]
ITERATION 5: [3736, 4697, 6863, 8521, 10057, 11227, 15579, 17365, 19290]
ITERATION 6: [3644, 4955, 6885, 8635, 10149, 11360, 15907, 18258, 19987]
ITERATION 7: [3761, 5193, 6967, 8568, 10114, 11324, 15963, 18320, 19929]
ITERATION 8: [3775, 5147, 7136, 8719, 10299, 11554, 15534, 17389, 19296]
ITERATION 9: [3738, 5044, 6901, 8506, 9990, 11157, 15530, 17085, 18891]

AVERAGE:     [3693, 4886, 6928, 8534, 10053, 11234, 15616, 17594, 19506]

~~~~~~~~~~~~~~~~~~~~~~~~~~~~~~~~~~~~~~~~~~~~~~~~~~~~~~~~
MEDIAN RUN: 4
--------------------------------COMPILATION SETTING: c----------07-10-2020--08:01:39-------------------------------

--------------------------------COMPILATION SETTING: a----------07-10-2020--08:08:57-------------------------------
SIZE DATA:

Size of app: 170904

~~~~~~~~~~~~~~~~~~~~~~~~~~~~~~~~~~~~~~~~~~~~~~~~~~~~~~~~
ACTION DURATIONS:

ITERATION 1: [3710, 1360, 2081, 1552, 1548, 1332, 4613, 1902, 1433], TOTAL: 19531
ITERATION 2: [3664, 1335, 1894, 1606, 1529, 1239, 4173, 1855, 2006], TOTAL: 19301
ITERATION 3: [3750, 976, 2165, 1623, 1576, 1129, 4619, 1667, 1929], TOTAL: 19434
ITERATION 4: [3799, 1008, 2109, 1655, 1533, 1154, 4144, 1700, 1799], TOTAL: 18901
ITERATION 5: [3722, 1025, 2160, 1653, 1521, 1156, 4949, 1916, 1491], TOTAL: 19593
ITERATION 6: [3776, 977, 2055, 1661, 1520, 1165, 4130, 1804, 1656], TOTAL: 18744
ITERATION 7: [3725, 1348, 1684, 1633, 1541, 1278, 5055, 1797, 1636], TOTAL: 19697
ITERATION 8: [3682, 1077, 2044, 1666, 1519, 1196, 4793, 2216, 2356], TOTAL: 20549
ITERATION 9: [3798, 1010, 1941, 1598, 1537, 1161, 4205, 1901, 1495], TOTAL: 18646

AVERAGE:     [3736, 1124, 2014, 1627, 1536, 1201, 4520, 1862, 1755], TOTAL: 19375
MEDIAN:      [3725, 1025, 2055, 1633, 1533, 1165, 4613, 1855, 1656], TOTAL: 19434

~~~~~~~~~~~~~~~~~~~~~~~~~~~~~~~~~~~~~~~~~~~~~~~~~~~~~~~~
TIME STAMPS:

ITERATION 1: [3710, 5070, 7151, 8703, 10251, 11583, 16196, 18098, 19531]
ITERATION 2: [3664, 4999, 6893, 8499, 10028, 11267, 15440, 17295, 19301]
ITERATION 3: [3750, 4726, 6891, 8514, 10090, 11219, 15838, 17505, 19434]
ITERATION 4: [3799, 4807, 6916, 8571, 10104, 11258, 15402, 17102, 18901]
ITERATION 5: [3722, 4747, 6907, 8560, 10081, 11237, 16186, 18102, 19593]
ITERATION 6: [3776, 4753, 6808, 8469, 9989, 11154, 15284, 17088, 18744]
ITERATION 7: [3725, 5073, 6757, 8390, 9931, 11209, 16264, 18061, 19697]
ITERATION 8: [3682, 4759, 6803, 8469, 9988, 11184, 15977, 18193, 20549]
ITERATION 9: [3798, 4808, 6749, 8347, 9884, 11045, 15250, 17151, 18646]

AVERAGE:     [3736, 4860, 6875, 8502, 10038, 11239, 15759, 17621, 19377]

~~~~~~~~~~~~~~~~~~~~~~~~~~~~~~~~~~~~~~~~~~~~~~~~~~~~~~~~
MEDIAN RUN: 3
--------------------------------COMPILATION SETTING: a----------07-10-2020--08:08:57-------------------------------

--------------------------------COMPILATION SETTING: e----------07-10-2020--08:14:39-------------------------------
SIZE DATA:

Size of profile: 0
Size of app: 45076

~~~~~~~~~~~~~~~~~~~~~~~~~~~~~~~~~~~~~~~~~~~~~~~~~~~~~~~~
ACTION DURATIONS:

ITERATION 1: [4279, 1010, 2403, 1859, 1550, 1165, 4477, 2394, 1978], TOTAL: 21115
ITERATION 2: [4216, 1063, 2658, 1637, 1538, 1219, 3918, 1940, 1745], TOTAL: 19934
ITERATION 3: [4412, 1074, 2442, 1692, 1522, 1196, 4800, 2046, 1885], TOTAL: 21069
ITERATION 4: [4219, 1535, 1997, 1921, 1746, 1380, 4648, 2558, 2177], TOTAL: 22181
ITERATION 5: [4201, 1081, 2439, 1835, 1567, 1199, 4925, 1775, 2140], TOTAL: 21162
ITERATION 6: [4195, 1566, 1899, 1807, 1527, 1213, 4954, 2545, 2241], TOTAL: 21947
ITERATION 7: [4383, 1004, 2480, 1746, 1484, 1166, 4674, 2358, 2095], TOTAL: 21390
ITERATION 8: [4183, 1092, 2939, 1690, 1488, 1148, 4316, 2226, 1907], TOTAL: 20989
ITERATION 9: [4169, 1524, 1919, 1711, 1862, 1259, 4621, 2313, 2167], TOTAL: 21545

AVERAGE:     [4250, 1216, 2352, 1766, 1587, 1216, 4592, 2239, 2037], TOTAL: 21255
MEDIAN:      [4216, 1081, 2439, 1746, 1538, 1199, 4648, 2313, 2095], TOTAL: 21162

~~~~~~~~~~~~~~~~~~~~~~~~~~~~~~~~~~~~~~~~~~~~~~~~~~~~~~~~
TIME STAMPS:

ITERATION 1: [4279, 5289, 7692, 9551, 11101, 12266, 16743, 19137, 21115]
ITERATION 2: [4216, 5279, 7937, 9574, 11112, 12331, 16249, 18189, 19934]
ITERATION 3: [4412, 5486, 7928, 9620, 11142, 12338, 17138, 19184, 21069]
ITERATION 4: [4219, 5754, 7751, 9672, 11418, 12798, 17446, 20004, 22181]
ITERATION 5: [4201, 5282, 7721, 9556, 11123, 12322, 17247, 19022, 21162]
ITERATION 6: [4195, 5761, 7660, 9467, 10994, 12207, 17161, 19706, 21947]
ITERATION 7: [4383, 5387, 7867, 9613, 11097, 12263, 16937, 19295, 21390]
ITERATION 8: [4183, 5275, 8214, 9904, 11392, 12540, 16856, 19082, 20989]
ITERATION 9: [4169, 5693, 7612, 9323, 11185, 12444, 17065, 19378, 21545]

AVERAGE:     [4250, 5467, 7820, 9586, 11173, 12389, 16982, 19221, 21259]

~~~~~~~~~~~~~~~~~~~~~~~~~~~~~~~~~~~~~~~~~~~~~~~~~~~~~~~~
MEDIAN RUN: 5
--------------------------------COMPILATION SETTING: e----------07-10-2020--08:14:39-------------------------------

--------------------------------COMPILATION SETTING: u----------07-10-2020--08:20:13-------------------------------
SIZE DATA:

Size of profile: 38680
Size of app: 53208

~~~~~~~~~~~~~~~~~~~~~~~~~~~~~~~~~~~~~~~~~~~~~~~~~~~~~~~~
ACTION DURATIONS:

ITERATION 1: [4099, 989, 2449, 1794, 1457, 1208, 5047, 1858, 1757], TOTAL: 20658
ITERATION 2: [4109, 1193, 2482, 1814, 1555, 1155, 4780, 2251, 2007], TOTAL: 21346
ITERATION 3: [4122, 1457, 1888, 1634, 1442, 1246, 4458, 1844, 1835], TOTAL: 19926
ITERATION 4: [4038, 1011, 2397, 1796, 1571, 1174, 4196, 1807, 1907], TOTAL: 19897
ITERATION 5: [3978, 1410, 1902, 1685, 1443, 1230, 4494, 1832, 1842], TOTAL: 19816
ITERATION 6: [4112, 1061, 2473, 1677, 1470, 1145, 3765, 2249, 1925], TOTAL: 19877
ITERATION 7: [4061, 1470, 1897, 1646, 1534, 1262, 4262, 1991, 1703], TOTAL: 19826
ITERATION 8: [4183, 1452, 2041, 1630, 1467, 1323, 4712, 2365, 2188], TOTAL: 21361
ITERATION 9: [4209, 1009, 2371, 1806, 1540, 1222, 4592, 2257, 1849], TOTAL: 20855

AVERAGE:     [4101, 1228, 2211, 1720, 1497, 1218, 4478, 2050, 1890], TOTAL: 20393
MEDIAN:      [4109, 1193, 2371, 1685, 1470, 1222, 4494, 1991, 1849], TOTAL: 19926

~~~~~~~~~~~~~~~~~~~~~~~~~~~~~~~~~~~~~~~~~~~~~~~~~~~~~~~~
TIME STAMPS:

ITERATION 1: [4099, 5088, 7537, 9331, 10788, 11996, 17043, 18901, 20658]
ITERATION 2: [4109, 5302, 7784, 9598, 11153, 12308, 17088, 19339, 21346]
ITERATION 3: [4122, 5579, 7467, 9101, 10543, 11789, 16247, 18091, 19926]
ITERATION 4: [4038, 5049, 7446, 9242, 10813, 11987, 16183, 17990, 19897]
ITERATION 5: [3978, 5388, 7290, 8975, 10418, 11648, 16142, 17974, 19816]
ITERATION 6: [4112, 5173, 7646, 9323, 10793, 11938, 15703, 17952, 19877]
ITERATION 7: [4061, 5531, 7428, 9074, 10608, 11870, 16132, 18123, 19826]
ITERATION 8: [4183, 5635, 7676, 9306, 10773, 12096, 16808, 19173, 21361]
ITERATION 9: [4209, 5218, 7589, 9395, 10935, 12157, 16749, 19006, 20855]

AVERAGE:     [4101, 5329, 7540, 9260, 10758, 11976, 16455, 18505, 20395]

~~~~~~~~~~~~~~~~~~~~~~~~~~~~~~~~~~~~~~~~~~~~~~~~~~~~~~~~
MEDIAN RUN: 3
--------------------------------COMPILATION SETTING: u----------07-10-2020--08:20:13-------------------------------

--------------------------------COMPILATION SETTING: f----------07-10-2020--08:25:53-------------------------------
SIZE DATA:

Size of profile: 44710
Size of app: 59320

~~~~~~~~~~~~~~~~~~~~~~~~~~~~~~~~~~~~~~~~~~~~~~~~~~~~~~~~
ACTION DURATIONS:

ITERATION 1: [3745, 1318, 1754, 1614, 1552, 1210, 4345, 2350, 1965], TOTAL: 19853
ITERATION 2: [4792, 1362, 1970, 1660, 1526, 1222, 4245, 2221, 1853], TOTAL: 20851
ITERATION 3: [3863, 1009, 2143, 1559, 1543, 1160, 4340, 1661, 2093], TOTAL: 19371
ITERATION 4: [3777, 1042, 2241, 1602, 1531, 1181, 4187, 1892, 1581], TOTAL: 19034
ITERATION 5: [3709, 1023, 2320, 1712, 1534, 1197, 4477, 2171, 1509], TOTAL: 19652
ITERATION 6: [3745, 991, 2369, 1803, 1526, 1180, 4302, 2522, 1587], TOTAL: 20025
ITERATION 7: [3701, 1327, 1893, 1825, 1437, 1263, 4350, 1839, 2330], TOTAL: 19965
ITERATION 8: [3704, 1060, 2229, 1766, 1537, 1207, 4643, 2010, 1896], TOTAL: 20052
ITERATION 9: [3862, 1026, 2189, 1717, 1551, 1121, 4669, 1909, 2178], TOTAL: 20222

AVERAGE:     [3877, 1128, 2123, 1695, 1526, 1193, 4395, 2063, 1888], TOTAL: 19888
MEDIAN:      [3745, 1042, 2189, 1712, 1534, 1197, 4345, 2010, 1896], TOTAL: 19965

~~~~~~~~~~~~~~~~~~~~~~~~~~~~~~~~~~~~~~~~~~~~~~~~~~~~~~~~
TIME STAMPS:

ITERATION 1: [3745, 5063, 6817, 8431, 9983, 11193, 15538, 17888, 19853]
ITERATION 2: [4792, 6154, 8124, 9784, 11310, 12532, 16777, 18998, 20851]
ITERATION 3: [3863, 4872, 7015, 8574, 10117, 11277, 15617, 17278, 19371]
ITERATION 4: [3777, 4819, 7060, 8662, 10193, 11374, 15561, 17453, 19034]
ITERATION 5: [3709, 4732, 7052, 8764, 10298, 11495, 15972, 18143, 19652]
ITERATION 6: [3745, 4736, 7105, 8908, 10434, 11614, 15916, 18438, 20025]
ITERATION 7: [3701, 5028, 6921, 8746, 10183, 11446, 15796, 17635, 19965]
ITERATION 8: [3704, 4764, 6993, 8759, 10296, 11503, 16146, 18156, 20052]
ITERATION 9: [3862, 4888, 7077, 8794, 10345, 11466, 16135, 18044, 20222]

AVERAGE:     [3877, 5006, 7129, 8824, 10351, 11544, 15939, 18003, 19891]

~~~~~~~~~~~~~~~~~~~~~~~~~~~~~~~~~~~~~~~~~~~~~~~~~~~~~~~~
MEDIAN RUN: 7
--------------------------------COMPILATION SETTING: f----------07-10-2020--08:25:53-------------------------------

--------------------------------COMPILATION SETTING: c----------07-10-2020--08:32:51-------------------------------
SIZE DATA:

Size of profile: 58932
Size of app: 60708

~~~~~~~~~~~~~~~~~~~~~~~~~~~~~~~~~~~~~~~~~~~~~~~~~~~~~~~~
ACTION DURATIONS:

ITERATION 1: [3611, 1042, 2164, 1631, 1514, 1128, 4518, 2282, 1819], TOTAL: 19709
ITERATION 2: [3578, 1339, 2064, 1611, 1558, 1393, 4998, 1818, 1508], TOTAL: 19867
ITERATION 3: [3645, 1263, 1927, 1629, 1520, 1194, 4314, 1785, 1761], TOTAL: 19038
ITERATION 4: [3834, 1300, 1885, 1481, 1487, 1218, 4711, 2017, 1923], TOTAL: 19856
ITERATION 5: [3758, 975, 2346, 1570, 1530, 1208, 5406, 2195, 2107], TOTAL: 21095
ITERATION 6: [3694, 1320, 1865, 1679, 1441, 1273, 4672, 1618, 2056], TOTAL: 19618
ITERATION 7: [3815, 1056, 2210, 1540, 1540, 1162, 4736, 1830, 1809], TOTAL: 19698
ITERATION 8: [3627, 961, 2124, 1744, 1527, 1241, 5114, 1734, 1925], TOTAL: 19997
ITERATION 9: [3710, 1431, 2022, 1557, 1523, 1299, 4447, 2138, 1504], TOTAL: 19631

AVERAGE:     [3696, 1187, 2067, 1604, 1515, 1235, 4768, 1935, 1823], TOTAL: 19830
MEDIAN:      [3694, 1263, 2064, 1611, 1523, 1218, 4711, 1830, 1819], TOTAL: 19709

~~~~~~~~~~~~~~~~~~~~~~~~~~~~~~~~~~~~~~~~~~~~~~~~~~~~~~~~
TIME STAMPS:

ITERATION 1: [3611, 4653, 6817, 8448, 9962, 11090, 15608, 17890, 19709]
ITERATION 2: [3578, 4917, 6981, 8592, 10150, 11543, 16541, 18359, 19867]
ITERATION 3: [3645, 4908, 6835, 8464, 9984, 11178, 15492, 17277, 19038]
ITERATION 4: [3834, 5134, 7019, 8500, 9987, 11205, 15916, 17933, 19856]
ITERATION 5: [3758, 4733, 7079, 8649, 10179, 11387, 16793, 18988, 21095]
ITERATION 6: [3694, 5014, 6879, 8558, 9999, 11272, 15944, 17562, 19618]
ITERATION 7: [3815, 4871, 7081, 8621, 10161, 11323, 16059, 17889, 19698]
ITERATION 8: [3627, 4588, 6712, 8456, 9983, 11224, 16338, 18072, 19997]
ITERATION 9: [3710, 5141, 7163, 8720, 10243, 11542, 15989, 18127, 19631]

AVERAGE:     [3696, 4884, 6951, 8556, 10072, 11307, 16075, 18010, 19834]

~~~~~~~~~~~~~~~~~~~~~~~~~~~~~~~~~~~~~~~~~~~~~~~~~~~~~~~~
MEDIAN RUN: 1
--------------------------------COMPILATION SETTING: c----------07-10-2020--08:32:51-------------------------------

--------------------------------COMPILATION SETTING: a----------07-10-2020--08:40:03-------------------------------
SIZE DATA:

Size of app: 170904

~~~~~~~~~~~~~~~~~~~~~~~~~~~~~~~~~~~~~~~~~~~~~~~~~~~~~~~~
ACTION DURATIONS:

ITERATION 1: [3723, 1352, 1761, 1613, 1546, 1475, 4339, 1771, 1892], TOTAL: 19472
ITERATION 2: [3742, 1058, 2073, 1528, 1528, 1197, 4967, 1964, 2322], TOTAL: 20379
ITERATION 3: [3676, 927, 2031, 1500, 1544, 1193, 4407, 2053, 1967], TOTAL: 19298
ITERATION 4: [3808, 974, 2032, 1606, 1543, 1146, 4273, 1848, 2041], TOTAL: 19271
ITERATION 5: [3763, 1007, 2069, 1515, 1546, 1152, 4503, 1919, 1511], TOTAL: 18985
ITERATION 6: [3692, 922, 2026, 1653, 1555, 1172, 4703, 1673, 2013], TOTAL: 19409
ITERATION 7: [3610, 1007, 2090, 1701, 1542, 1166, 4955, 2334, 1568], TOTAL: 19973
ITERATION 8: [3654, 963, 2255, 1765, 1508, 1144, 4457, 1725, 1935], TOTAL: 19406
ITERATION 9: [4724, 1355, 1600, 1568, 1513, 1175, 4726, 1578, 2151], TOTAL: 20390

AVERAGE:     [3821, 1062, 1993, 1605, 1536, 1202, 4592, 1873, 1933], TOTAL: 19617
MEDIAN:      [3723, 1007, 2032, 1606, 1543, 1172, 4503, 1848, 1967], TOTAL: 19409

~~~~~~~~~~~~~~~~~~~~~~~~~~~~~~~~~~~~~~~~~~~~~~~~~~~~~~~~
TIME STAMPS:

ITERATION 1: [3723, 5075, 6836, 8449, 9995, 11470, 15809, 17580, 19472]
ITERATION 2: [3742, 4800, 6873, 8401, 9929, 11126, 16093, 18057, 20379]
ITERATION 3: [3676, 4603, 6634, 8134, 9678, 10871, 15278, 17331, 19298]
ITERATION 4: [3808, 4782, 6814, 8420, 9963, 11109, 15382, 17230, 19271]
ITERATION 5: [3763, 4770, 6839, 8354, 9900, 11052, 15555, 17474, 18985]
ITERATION 6: [3692, 4614, 6640, 8293, 9848, 11020, 15723, 17396, 19409]
ITERATION 7: [3610, 4617, 6707, 8408, 9950, 11116, 16071, 18405, 19973]
ITERATION 8: [3654, 4617, 6872, 8637, 10145, 11289, 15746, 17471, 19406]
ITERATION 9: [4724, 6079, 7679, 9247, 10760, 11935, 16661, 18239, 20390]

AVERAGE:     [3821, 4884, 6877, 8482, 10018, 11220, 15813, 17687, 19620]

~~~~~~~~~~~~~~~~~~~~~~~~~~~~~~~~~~~~~~~~~~~~~~~~~~~~~~~~
MEDIAN RUN: 6
--------------------------------COMPILATION SETTING: a----------07-10-2020--08:40:03-------------------------------

************************************************MEGA TEST SUMMARY:*************************************************
TOTAL ITERATIONS: 63

AVERAGED DATA:
Compilation flag App size 'start;com.google.android.apps.maps'  'edit;Search here;Googleplex'  'click;Amphith'  'click;Googleplex;strict'  'click;DIRECTIONS'  'click;Choose starting'  'click;Your location;strict'  'click;Start'  'clickImage;Close navigation'  TOTAL 
e                45076    4264                                  1181                           2339             1742                       1522                1208                     4524                          2302           2020                           21105 
u                53208    4150                                  1203                           2228             1677                       1502                1203                     4397                          2246           2022                           20630 
f                59169    3787                                  1134                           2105             1677                       1519                1192                     4290                          2061           1856                           19625 
c                60864    3723                                  1162                           2025             1626                       1528                1203                     4473                          2003           1859                           19605 
a                170904   3919                                  1112                           1978             1593                       1539                1201                     4461                          1872           1812                           19491 

MEDIANED DATA:
Compilation flag App size 'start;com.google.android.apps.maps'  'edit;Search here;Googleplex'  'click;Amphith'  'click;Googleplex;strict'  'click;DIRECTIONS'  'click;Choose starting'  'click;Your location;strict'  'click;Start'  'clickImage;Close navigation'  TOTAL 
e                45076    4277                                  1057                           2422             1729                       1519                1196                     4550                          2282           1968                           21086 
u                53208    4128                                  1058                           2299             1670                       1521                1176                     4458                          2205           2014                           20644 
f                59216    3764                                  1042                           2143             1648                       1530                1184                     4302                          2010           1848                           19647 
c                60808    3710                                  1060                           2049             1601                       1534                1197                     4496                          2017           1842                           19618 
a                170904   3773                                  1025                           2036             1575                       1541                1179                     4457                          1860           1792                           19409 
************************************************MEGA TEST SUMMARY:*************************************************

-----------------------------------------------------------------CPU STATUSES: 1 1 1 1 1 1 1 1----------COMPILATION FLAGS: e u f c a----------07-10-2020--05:05:36-----------------------------------------------------------------
