-----------------------------------------------------------------CPU STATUSES: 1 1 1 1 1 1 1 1----------COMPILATION FLAGS: e u f p c a----------07-09-2020--15:02:15-----------------------------------------------------------------

--------------------------------COMPILATION SETTING: e----------07-09-2020--15:06:58-------------------------------
SIZE DATA:

Size of profile: 0
Size of app: 45080

~~~~~~~~~~~~~~~~~~~~~~~~~~~~~~~~~~~~~~~~~~~~~~~~~~~~~~~~
ACTION DURATIONS:

ITERATION 1: [4307, 997, 2391, 1656, 1493, 1166, 3865, 2452, 1515], TOTAL: 19842
ITERATION 2: [4084, 1547, 2188, 1846, 1486, 1251, 4017, 1858, 1609], TOTAL: 19886
ITERATION 3: [4342, 1464, 2113, 1814, 1609, 1367, 3867, 2342, 1578], TOTAL: 20496
ITERATION 4: [4323, 1433, 2090, 1700, 1509, 1244, 3775, 1970, 1840], TOTAL: 19884
ITERATION 5: [4353, 1829, 2489, 1839, 1498, 1216, 4228, 2528, 1643], TOTAL: 21623
ITERATION 6: [4391, 1523, 2134, 1659, 1494, 1742, 3782, 2612, 1618], TOTAL: 20955
ITERATION 7: [4210, 1498, 2047, 1791, 1500, 1184, 3985, 2387, 1613], TOTAL: 20215
ITERATION 8: [4303, 1030, 2644, 1602, 1487, 1122, 4488, 2473, 1705], TOTAL: 20854
ITERATION 9: [4186, 1479, 2075, 1725, 1504, 1167, 4359, 1707, 1916], TOTAL: 20118

AVERAGE:     [4277, 1422, 2241, 1736, 1508, 1273, 4040, 2258, 1670], TOTAL: 20425
MEDIAN:      [4307, 1479, 2134, 1725, 1498, 1216, 3985, 2387, 1618], TOTAL: 20215

~~~~~~~~~~~~~~~~~~~~~~~~~~~~~~~~~~~~~~~~~~~~~~~~~~~~~~~~
TIME STAMPS:

ITERATION 1: [4307, 5304, 7695, 9351, 10844, 12010, 15875, 18327, 19842]
ITERATION 2: [4084, 5631, 7819, 9665, 11151, 12402, 16419, 18277, 19886]
ITERATION 3: [4342, 5806, 7919, 9733, 11342, 12709, 16576, 18918, 20496]
ITERATION 4: [4323, 5756, 7846, 9546, 11055, 12299, 16074, 18044, 19884]
ITERATION 5: [4353, 6182, 8671, 10510, 12008, 13224, 17452, 19980, 21623]
ITERATION 6: [4391, 5914, 8048, 9707, 11201, 12943, 16725, 19337, 20955]
ITERATION 7: [4210, 5708, 7755, 9546, 11046, 12230, 16215, 18602, 20215]
ITERATION 8: [4303, 5333, 7977, 9579, 11066, 12188, 16676, 19149, 20854]
ITERATION 9: [4186, 5665, 7740, 9465, 10969, 12136, 16495, 18202, 20118]

AVERAGE:     [4277, 5699, 7941, 9678, 11186, 12460, 16500, 18759, 20430]

~~~~~~~~~~~~~~~~~~~~~~~~~~~~~~~~~~~~~~~~~~~~~~~~~~~~~~~~
MEDIAN RUN: 7
--------------------------------COMPILATION SETTING: e----------07-09-2020--15:06:58-------------------------------

--------------------------------COMPILATION SETTING: u----------07-09-2020--15:11:43-------------------------------
SIZE DATA:

Size of profile: 38680
Size of app: 53208

~~~~~~~~~~~~~~~~~~~~~~~~~~~~~~~~~~~~~~~~~~~~~~~~~~~~~~~~
ACTION DURATIONS:

ITERATION 1: [4049, 1010, 2282, 1669, 1510, 1148, 4141, 2177, 1729], TOTAL: 19715
ITERATION 2: [4135, 1522, 2022, 1706, 1537, 1322, 3806, 2149, 1866], TOTAL: 20065
ITERATION 3: [4360, 1040, 2838, 1587, 1527, 1137, 5206, 2460, 1787], TOTAL: 21942
ITERATION 4: [4125, 1041, 2498, 1634, 1544, 1215, 4326, 1918, 1711], TOTAL: 20012
ITERATION 5: [4154, 1403, 2021, 1596, 1491, 1173, 3896, 2265, 2043], TOTAL: 20042
ITERATION 6: [4167, 1498, 2025, 1684, 1489, 1190, 4920, 2458, 2586], TOTAL: 22017
ITERATION 7: [4156, 1024, 2534, 1689, 1452, 1135, 4197, 1915, 1787], TOTAL: 19889
ITERATION 8: [4204, 992, 2480, 1710, 1871, 1388, 4990, 2302, 1933], TOTAL: 21870
ITERATION 9: [4025, 1040, 2538, 1837, 1453, 1170, 3982, 2019, 1678], TOTAL: 19742

AVERAGE:     [4152, 1174, 2359, 1679, 1541, 1208, 4384, 2184, 1902], TOTAL: 20583
MEDIAN:      [4154, 1040, 2480, 1684, 1510, 1173, 4197, 2177, 1787], TOTAL: 20042

~~~~~~~~~~~~~~~~~~~~~~~~~~~~~~~~~~~~~~~~~~~~~~~~~~~~~~~~
TIME STAMPS:

ITERATION 1: [4049, 5059, 7341, 9010, 10520, 11668, 15809, 17986, 19715]
ITERATION 2: [4135, 5657, 7679, 9385, 10922, 12244, 16050, 18199, 20065]
ITERATION 3: [4360, 5400, 8238, 9825, 11352, 12489, 17695, 20155, 21942]
ITERATION 4: [4125, 5166, 7664, 9298, 10842, 12057, 16383, 18301, 20012]
ITERATION 5: [4154, 5557, 7578, 9174, 10665, 11838, 15734, 17999, 20042]
ITERATION 6: [4167, 5665, 7690, 9374, 10863, 12053, 16973, 19431, 22017]
ITERATION 7: [4156, 5180, 7714, 9403, 10855, 11990, 16187, 18102, 19889]
ITERATION 8: [4204, 5196, 7676, 9386, 11257, 12645, 17635, 19937, 21870]
ITERATION 9: [4025, 5065, 7603, 9440, 10893, 12063, 16045, 18064, 19742]

AVERAGE:     [4152, 5327, 7687, 9366, 10907, 12116, 16501, 18686, 20588]

~~~~~~~~~~~~~~~~~~~~~~~~~~~~~~~~~~~~~~~~~~~~~~~~~~~~~~~~
MEDIAN RUN: 5
--------------------------------COMPILATION SETTING: u----------07-09-2020--15:11:43-------------------------------

--------------------------------COMPILATION SETTING: f----------07-09-2020--15:16:38-------------------------------
SIZE DATA:

Size of profile: 44282
Size of app: 58888

~~~~~~~~~~~~~~~~~~~~~~~~~~~~~~~~~~~~~~~~~~~~~~~~~~~~~~~~
ACTION DURATIONS:

ITERATION 1: [3600, 1113, 2567, 1601, 1475, 1173, 3647, 1788, 1770], TOTAL: 18734
ITERATION 2: [3793, 1344, 2041, 1614, 1535, 1202, 4491, 1895, 1953], TOTAL: 19868
ITERATION 3: [3999, 994, 2508, 1728, 1526, 1173, 4543, 2831, 1626], TOTAL: 20928
ITERATION 4: [3863, 1007, 2391, 1778, 1496, 1184, 5259, 2089, 1551], TOTAL: 20618
ITERATION 5: [3630, 1407, 2016, 1672, 1548, 1190, 3947, 2091, 1535], TOTAL: 19036
ITERATION 6: [4183, 957, 2298, 1839, 1529, 1156, 3960, 2116, 1522], TOTAL: 19560
ITERATION 7: [3716, 1395, 1922, 1742, 1473, 1227, 4547, 2143, 1459], TOTAL: 19624
ITERATION 8: [3727, 1008, 2593, 1739, 1355, 1230, 4109, 1945, 1605], TOTAL: 19311
ITERATION 9: [3677, 925, 2370, 1642, 1503, 1141, 3962, 1840, 1566], TOTAL: 18626

AVERAGE:     [3798, 1127, 2300, 1706, 1493, 1186, 4273, 2082, 1620], TOTAL: 19585
MEDIAN:      [3727, 1008, 2370, 1728, 1503, 1184, 4109, 2089, 1566], TOTAL: 19560

~~~~~~~~~~~~~~~~~~~~~~~~~~~~~~~~~~~~~~~~~~~~~~~~~~~~~~~~
TIME STAMPS:

ITERATION 1: [3600, 4713, 7280, 8881, 10356, 11529, 15176, 16964, 18734]
ITERATION 2: [3793, 5137, 7178, 8792, 10327, 11529, 16020, 17915, 19868]
ITERATION 3: [3999, 4993, 7501, 9229, 10755, 11928, 16471, 19302, 20928]
ITERATION 4: [3863, 4870, 7261, 9039, 10535, 11719, 16978, 19067, 20618]
ITERATION 5: [3630, 5037, 7053, 8725, 10273, 11463, 15410, 17501, 19036]
ITERATION 6: [4183, 5140, 7438, 9277, 10806, 11962, 15922, 18038, 19560]
ITERATION 7: [3716, 5111, 7033, 8775, 10248, 11475, 16022, 18165, 19624]
ITERATION 8: [3727, 4735, 7328, 9067, 10422, 11652, 15761, 17706, 19311]
ITERATION 9: [3677, 4602, 6972, 8614, 10117, 11258, 15220, 17060, 18626]

AVERAGE:     [3798, 4926, 7227, 8933, 10426, 11612, 15886, 17968, 19589]

~~~~~~~~~~~~~~~~~~~~~~~~~~~~~~~~~~~~~~~~~~~~~~~~~~~~~~~~
MEDIAN RUN: 6
--------------------------------COMPILATION SETTING: f----------07-09-2020--15:16:38-------------------------------

--------------------------------COMPILATION SETTING: p----------07-09-2020--15:22:35-------------------------------
SIZE DATA:

Size of profile: 0
Size of app: 45076

~~~~~~~~~~~~~~~~~~~~~~~~~~~~~~~~~~~~~~~~~~~~~~~~~~~~~~~~
ACTION DURATIONS:

ITERATION 1: [4037, 1014, 2627, 1746, 1534, 1161, 4463, 1773, 1941], TOTAL: 20296
ITERATION 2: [4303, 1483, 2266, 1835, 1430, 1315, 4904, 2250, 1847], TOTAL: 21633
ITERATION 3: [4426, 1504, 1981, 1792, 1458, 1310, 3785, 2115, 1681], TOTAL: 20052
ITERATION 4: [4390, 1499, 1889, 1621, 1506, 1175, 4005, 2016, 1760], TOTAL: 19861
ITERATION 5: [4316, 1041, 2692, 1573, 1525, 1180, 4904, 1906, 1944], TOTAL: 21081
ITERATION 6: [4322, 1498, 2154, 1721, 1541, 1262, 4467, 1847, 1940], TOTAL: 20752
ITERATION 7: [4394, 1507, 2225, 1631, 1463, 1259, 4482, 2645, 1617], TOTAL: 21223
ITERATION 8: [4299, 1061, 2592, 1767, 1604, 1248, 5278, 2368, 2216], TOTAL: 22433
ITERATION 9: [4315, 1453, 2075, 1719, 1456, 1287, 4956, 2047, 1936], TOTAL: 21244

AVERAGE:     [4311, 1340, 2277, 1711, 1501, 1244, 4582, 2107, 1875], TOTAL: 20948
MEDIAN:      [4316, 1483, 2225, 1721, 1506, 1259, 4482, 2047, 1936], TOTAL: 21081

~~~~~~~~~~~~~~~~~~~~~~~~~~~~~~~~~~~~~~~~~~~~~~~~~~~~~~~~
TIME STAMPS:

ITERATION 1: [4037, 5051, 7678, 9424, 10958, 12119, 16582, 18355, 20296]
ITERATION 2: [4303, 5786, 8052, 9887, 11317, 12632, 17536, 19786, 21633]
ITERATION 3: [4426, 5930, 7911, 9703, 11161, 12471, 16256, 18371, 20052]
ITERATION 4: [4390, 5889, 7778, 9399, 10905, 12080, 16085, 18101, 19861]
ITERATION 5: [4316, 5357, 8049, 9622, 11147, 12327, 17231, 19137, 21081]
ITERATION 6: [4322, 5820, 7974, 9695, 11236, 12498, 16965, 18812, 20752]
ITERATION 7: [4394, 5901, 8126, 9757, 11220, 12479, 16961, 19606, 21223]
ITERATION 8: [4299, 5360, 7952, 9719, 11323, 12571, 17849, 20217, 22433]
ITERATION 9: [4315, 5768, 7843, 9562, 11018, 12305, 17261, 19308, 21244]

AVERAGE:     [4311, 5651, 7929, 9640, 11142, 12386, 16969, 19077, 20952]

~~~~~~~~~~~~~~~~~~~~~~~~~~~~~~~~~~~~~~~~~~~~~~~~~~~~~~~~
MEDIAN RUN: 5
--------------------------------COMPILATION SETTING: p----------07-09-2020--15:22:35-------------------------------

--------------------------------COMPILATION SETTING: c----------07-09-2020--15:28:34-------------------------------
SIZE DATA:

Size of profile: 59091
Size of app: 60664

~~~~~~~~~~~~~~~~~~~~~~~~~~~~~~~~~~~~~~~~~~~~~~~~~~~~~~~~
ACTION DURATIONS:

ITERATION 1: [3723, 1300, 1776, 1558, 1470, 1213, 4268, 1916, 1468], TOTAL: 18692
ITERATION 2: [3701, 957, 2364, 1663, 1487, 1172, 5457, 2239, 2108], TOTAL: 21148
ITERATION 3: [4198, 973, 2334, 1655, 1443, 1189, 4959, 1643, 1867], TOTAL: 20261
ITERATION 4: [3648, 1042, 2288, 1545, 1561, 1170, 4430, 1596, 2006], TOTAL: 19286
ITERATION 5: [3723, 1392, 1983, 1673, 1974, 1191, 3963, 1982, 1544], TOTAL: 19425
ITERATION 6: [4773, 991, 2289, 1534, 1489, 1159, 4343, 1739, 1890], TOTAL: 20207
ITERATION 7: [4660, 1413, 1936, 1707, 1550, 1239, 4804, 1785, 1685], TOTAL: 20779
ITERATION 8: [3794, 973, 2310, 1541, 1482, 1140, 4242, 1778, 1687], TOTAL: 18947
ITERATION 9: [3674, 1327, 1816, 1706, 1557, 1257, 4682, 2246, 1634], TOTAL: 19899

AVERAGE:     [3988, 1152, 2121, 1620, 1557, 1192, 4572, 1880, 1765], TOTAL: 19847
MEDIAN:      [3723, 1042, 2288, 1655, 1489, 1189, 4430, 1785, 1687], TOTAL: 19899

~~~~~~~~~~~~~~~~~~~~~~~~~~~~~~~~~~~~~~~~~~~~~~~~~~~~~~~~
TIME STAMPS:

ITERATION 1: [3723, 5023, 6799, 8357, 9827, 11040, 15308, 17224, 18692]
ITERATION 2: [3701, 4658, 7022, 8685, 10172, 11344, 16801, 19040, 21148]
ITERATION 3: [4198, 5171, 7505, 9160, 10603, 11792, 16751, 18394, 20261]
ITERATION 4: [3648, 4690, 6978, 8523, 10084, 11254, 15684, 17280, 19286]
ITERATION 5: [3723, 5115, 7098, 8771, 10745, 11936, 15899, 17881, 19425]
ITERATION 6: [4773, 5764, 8053, 9587, 11076, 12235, 16578, 18317, 20207]
ITERATION 7: [4660, 6073, 8009, 9716, 11266, 12505, 17309, 19094, 20779]
ITERATION 8: [3794, 4767, 7077, 8618, 10100, 11240, 15482, 17260, 18947]
ITERATION 9: [3674, 5001, 6817, 8523, 10080, 11337, 16019, 18265, 19899]

AVERAGE:     [3988, 5140, 7262, 8882, 10439, 11631, 16203, 18083, 19849]

~~~~~~~~~~~~~~~~~~~~~~~~~~~~~~~~~~~~~~~~~~~~~~~~~~~~~~~~
MEDIAN RUN: 9
--------------------------------COMPILATION SETTING: c----------07-09-2020--15:28:34-------------------------------

--------------------------------COMPILATION SETTING: a----------07-09-2020--15:34:54-------------------------------
SIZE DATA:

Size of app: 170904

~~~~~~~~~~~~~~~~~~~~~~~~~~~~~~~~~~~~~~~~~~~~~~~~~~~~~~~~
ACTION DURATIONS:

ITERATION 1: [3681, 1277, 1756, 1537, 1532, 1203, 4671, 1769, 1937], TOTAL: 19363
ITERATION 2: [3846, 1008, 2043, 1595, 1543, 1216, 4487, 2317, 1979], TOTAL: 20034
ITERATION 3: [3780, 1043, 2053, 1604, 1557, 1157, 4530, 1763, 1861], TOTAL: 19348
ITERATION 4: [3725, 1303, 1872, 1515, 1516, 1278, 4525, 2269, 1595], TOTAL: 19598
ITERATION 5: [3849, 1286, 1637, 1635, 1547, 1189, 4205, 1880, 1522], TOTAL: 18750
ITERATION 6: [3718, 1384, 1804, 1608, 1560, 1259, 4358, 1625, 1936], TOTAL: 19252
ITERATION 7: [4747, 1282, 1798, 1557, 1534, 1183, 4384, 1702, 1831], TOTAL: 20018
ITERATION 8: [3784, 1483, 1811, 1599, 1540, 1201, 4769, 1822, 1624], TOTAL: 19633
ITERATION 9: [3802, 1027, 2153, 1580, 1510, 1235, 4840, 1957, 1424], TOTAL: 19528

AVERAGE:     [3881, 1232, 1880, 1581, 1537, 1213, 4529, 1900, 1745], TOTAL: 19498
MEDIAN:      [3784, 1282, 1811, 1595, 1540, 1203, 4525, 1822, 1831], TOTAL: 19528

~~~~~~~~~~~~~~~~~~~~~~~~~~~~~~~~~~~~~~~~~~~~~~~~~~~~~~~~
TIME STAMPS:

ITERATION 1: [3681, 4958, 6714, 8251, 9783, 10986, 15657, 17426, 19363]
ITERATION 2: [3846, 4854, 6897, 8492, 10035, 11251, 15738, 18055, 20034]
ITERATION 3: [3780, 4823, 6876, 8480, 10037, 11194, 15724, 17487, 19348]
ITERATION 4: [3725, 5028, 6900, 8415, 9931, 11209, 15734, 18003, 19598]
ITERATION 5: [3849, 5135, 6772, 8407, 9954, 11143, 15348, 17228, 18750]
ITERATION 6: [3718, 5102, 6906, 8514, 10074, 11333, 15691, 17316, 19252]
ITERATION 7: [4747, 6029, 7827, 9384, 10918, 12101, 16485, 18187, 20018]
ITERATION 8: [3784, 5267, 7078, 8677, 10217, 11418, 16187, 18009, 19633]
ITERATION 9: [3802, 4829, 6982, 8562, 10072, 11307, 16147, 18104, 19528]

AVERAGE:     [3881, 5113, 6994, 8575, 10113, 11326, 15856, 17757, 19502]

~~~~~~~~~~~~~~~~~~~~~~~~~~~~~~~~~~~~~~~~~~~~~~~~~~~~~~~~
MEDIAN RUN: 9
--------------------------------COMPILATION SETTING: a----------07-09-2020--15:34:54-------------------------------

--------------------------------COMPILATION SETTING: e----------07-09-2020--15:39:56-------------------------------
SIZE DATA:

Size of profile: 0
Size of app: 45076

~~~~~~~~~~~~~~~~~~~~~~~~~~~~~~~~~~~~~~~~~~~~~~~~~~~~~~~~
ACTION DURATIONS:

ITERATION 1: [4155, 1573, 2056, 1762, 1725, 1456, 4671, 2484, 2142], TOTAL: 22024
ITERATION 2: [4162, 1514, 2065, 1726, 1476, 1258, 4553, 1712, 1825], TOTAL: 20291
ITERATION 3: [4309, 1491, 1954, 1675, 1452, 1260, 4328, 2435, 2074], TOTAL: 20978
ITERATION 4: [4475, 955, 2471, 1886, 1476, 1243, 4470, 2304, 2273], TOTAL: 21553
ITERATION 5: [4280, 1527, 1599, 2111, 1651, 1237, 4385, 2170, 2097], TOTAL: 21057
ITERATION 6: [4289, 1500, 1544, 2238, 1637, 1305, 4756, 2777, 2285], TOTAL: 22331
ITERATION 7: [4353, 990, 2721, 1752, 1505, 1181, 4832, 2033, 2068], TOTAL: 21435
ITERATION 8: [4510, 1585, 2104, 1752, 1738, 1245, 4893, 3074, 2673], TOTAL: 23574
ITERATION 9: [4487, 1009, 2598, 1795, 1450, 1148, 4792, 2409, 1734], TOTAL: 21422

AVERAGE:     [4335, 1349, 2123, 1855, 1567, 1259, 4631, 2377, 2130], TOTAL: 21626
MEDIAN:      [4309, 1500, 2065, 1762, 1505, 1245, 4671, 2409, 2097], TOTAL: 21435

~~~~~~~~~~~~~~~~~~~~~~~~~~~~~~~~~~~~~~~~~~~~~~~~~~~~~~~~
TIME STAMPS:

ITERATION 1: [4155, 5728, 7784, 9546, 11271, 12727, 17398, 19882, 22024]
ITERATION 2: [4162, 5676, 7741, 9467, 10943, 12201, 16754, 18466, 20291]
ITERATION 3: [4309, 5800, 7754, 9429, 10881, 12141, 16469, 18904, 20978]
ITERATION 4: [4475, 5430, 7901, 9787, 11263, 12506, 16976, 19280, 21553]
ITERATION 5: [4280, 5807, 7406, 9517, 11168, 12405, 16790, 18960, 21057]
ITERATION 6: [4289, 5789, 7333, 9571, 11208, 12513, 17269, 20046, 22331]
ITERATION 7: [4353, 5343, 8064, 9816, 11321, 12502, 17334, 19367, 21435]
ITERATION 8: [4510, 6095, 8199, 9951, 11689, 12934, 17827, 20901, 23574]
ITERATION 9: [4487, 5496, 8094, 9889, 11339, 12487, 17279, 19688, 21422]

AVERAGE:     [4335, 5684, 7808, 9663, 11231, 12490, 17121, 19499, 21629]

~~~~~~~~~~~~~~~~~~~~~~~~~~~~~~~~~~~~~~~~~~~~~~~~~~~~~~~~
MEDIAN RUN: 7
--------------------------------COMPILATION SETTING: e----------07-09-2020--15:39:56-------------------------------

--------------------------------COMPILATION SETTING: u----------07-09-2020--15:44:58-------------------------------
SIZE DATA:

Size of profile: 38680
Size of app: 53208

~~~~~~~~~~~~~~~~~~~~~~~~~~~~~~~~~~~~~~~~~~~~~~~~~~~~~~~~
ACTION DURATIONS:

ITERATION 1: [4253, 1428, 2348, 1669, 1482, 1341, 3694, 1868, 2130], TOTAL: 20213
ITERATION 2: [4131, 1521, 2119, 1677, 1490, 1210, 4082, 2462, 2128], TOTAL: 20820
ITERATION 3: [4151, 1064, 2516, 1822, 1442, 1199, 4349, 2311, 1741], TOTAL: 20595
ITERATION 4: [4249, 992, 2533, 1746, 1538, 1251, 4526, 2095, 1980], TOTAL: 20910
ITERATION 5: [4186, 959, 2506, 1670, 1473, 1200, 4924, 2098, 1980], TOTAL: 20996
ITERATION 6: [4052, 1618, 2098, 1634, 1447, 1262, 3738, 2099, 1591], TOTAL: 19539
ITERATION 7: [4178, 1491, 2179, 1658, 1505, 1315, 5061, 1843, 2133], TOTAL: 21363
ITERATION 8: [3980, 1479, 1886, 1707, 1543, 1232, 3773, 2030, 1517], TOTAL: 19147
ITERATION 9: [4096, 1525, 2044, 1643, 1508, 1201, 3928, 2190, 1547], TOTAL: 19682

AVERAGE:     [4141, 1341, 2247, 1691, 1492, 1245, 4230, 2110, 1860], TOTAL: 20357
MEDIAN:      [4151, 1479, 2179, 1670, 1490, 1232, 4082, 2098, 1980], TOTAL: 20595

~~~~~~~~~~~~~~~~~~~~~~~~~~~~~~~~~~~~~~~~~~~~~~~~~~~~~~~~
TIME STAMPS:

ITERATION 1: [4253, 5681, 8029, 9698, 11180, 12521, 16215, 18083, 20213]
ITERATION 2: [4131, 5652, 7771, 9448, 10938, 12148, 16230, 18692, 20820]
ITERATION 3: [4151, 5215, 7731, 9553, 10995, 12194, 16543, 18854, 20595]
ITERATION 4: [4249, 5241, 7774, 9520, 11058, 12309, 16835, 18930, 20910]
ITERATION 5: [4186, 5145, 7651, 9321, 10794, 11994, 16918, 19016, 20996]
ITERATION 6: [4052, 5670, 7768, 9402, 10849, 12111, 15849, 17948, 19539]
ITERATION 7: [4178, 5669, 7848, 9506, 11011, 12326, 17387, 19230, 21363]
ITERATION 8: [3980, 5459, 7345, 9052, 10595, 11827, 15600, 17630, 19147]
ITERATION 9: [4096, 5621, 7665, 9308, 10816, 12017, 15945, 18135, 19682]

AVERAGE:     [4141, 5483, 7731, 9423, 10915, 12160, 16391, 18502, 20362]

~~~~~~~~~~~~~~~~~~~~~~~~~~~~~~~~~~~~~~~~~~~~~~~~~~~~~~~~
MEDIAN RUN: 3
--------------------------------COMPILATION SETTING: u----------07-09-2020--15:44:58-------------------------------

--------------------------------COMPILATION SETTING: f----------07-09-2020--15:49:51-------------------------------
SIZE DATA:

Size of profile: 45166
Size of app: 59372

~~~~~~~~~~~~~~~~~~~~~~~~~~~~~~~~~~~~~~~~~~~~~~~~~~~~~~~~
ACTION DURATIONS:

ITERATION 1: [3889, 1371, 2076, 1617, 1538, 1245, 4453, 1934, 1632], TOTAL: 19755
ITERATION 2: [4267, 1387, 1980, 1841, 1447, 1272, 4887, 2184, 2078], TOTAL: 21343
ITERATION 3: [3855, 1006, 2769, 1824, 1531, 1232, 4348, 1787, 1647], TOTAL: 19999
ITERATION 4: [4650, 960, 2216, 1625, 1570, 1238, 4970, 1923, 1903], TOTAL: 21055
ITERATION 5: [4180, 1344, 1801, 1703, 1375, 1422, 4457, 1730, 2139], TOTAL: 20151
ITERATION 6: [3707, 1400, 2032, 1733, 1523, 1107, 4903, 2350, 1623], TOTAL: 20378
ITERATION 7: [3774, 1332, 2007, 1717, 1502, 1236, 4702, 2065, 1549], TOTAL: 19884
ITERATION 8: [3825, 1300, 2244, 1698, 1848, 1200, 4764, 2260, 1828], TOTAL: 20967
ITERATION 9: [4040, 1390, 2015, 1589, 1540, 1205, 4504, 2072, 1917], TOTAL: 20272

AVERAGE:     [4020, 1276, 2126, 1705, 1541, 1239, 4665, 2033, 1812], TOTAL: 20417
MEDIAN:      [3889, 1344, 2032, 1703, 1531, 1236, 4702, 2065, 1828], TOTAL: 20272

~~~~~~~~~~~~~~~~~~~~~~~~~~~~~~~~~~~~~~~~~~~~~~~~~~~~~~~~
TIME STAMPS:

ITERATION 1: [3889, 5260, 7336, 8953, 10491, 11736, 16189, 18123, 19755]
ITERATION 2: [4267, 5654, 7634, 9475, 10922, 12194, 17081, 19265, 21343]
ITERATION 3: [3855, 4861, 7630, 9454, 10985, 12217, 16565, 18352, 19999]
ITERATION 4: [4650, 5610, 7826, 9451, 11021, 12259, 17229, 19152, 21055]
ITERATION 5: [4180, 5524, 7325, 9028, 10403, 11825, 16282, 18012, 20151]
ITERATION 6: [3707, 5107, 7139, 8872, 10395, 11502, 16405, 18755, 20378]
ITERATION 7: [3774, 5106, 7113, 8830, 10332, 11568, 16270, 18335, 19884]
ITERATION 8: [3825, 5125, 7369, 9067, 10915, 12115, 16879, 19139, 20967]
ITERATION 9: [4040, 5430, 7445, 9034, 10574, 11779, 16283, 18355, 20272]

AVERAGE:     [4020, 5297, 7424, 9129, 10670, 11910, 16575, 18609, 20422]

~~~~~~~~~~~~~~~~~~~~~~~~~~~~~~~~~~~~~~~~~~~~~~~~~~~~~~~~
MEDIAN RUN: 9
--------------------------------COMPILATION SETTING: f----------07-09-2020--15:49:51-------------------------------

--------------------------------COMPILATION SETTING: p----------07-09-2020--15:55:54-------------------------------
SIZE DATA:

Size of profile: 0
Size of app: 45076

~~~~~~~~~~~~~~~~~~~~~~~~~~~~~~~~~~~~~~~~~~~~~~~~~~~~~~~~
ACTION DURATIONS:

ITERATION 1: [4200, 1071, 2460, 1742, 1555, 1247, 4369, 1740, 1868], TOTAL: 20252
ITERATION 2: [5108, 1565, 2593, 1719, 1474, 1263, 4070, 2120, 1984], TOTAL: 21896
ITERATION 3: [4277, 1506, 1454, 2311, 1415, 1662, 4853, 2629, 2019], TOTAL: 22126
ITERATION 4: [4263, 1464, 2148, 2341, 1503, 1421, 5020, 1911, 2061], TOTAL: 22132
ITERATION 5: [4518, 1553, 2116, 1715, 1624, 1239, 4896, 1777, 2226], TOTAL: 21664
ITERATION 6: [4312, 1042, 2575, 1682, 1508, 1201, 4659, 1719, 1992], TOTAL: 20690
ITERATION 7: [4280, 1074, 2580, 1831, 1523, 1205, 5207, 2054, 2093], TOTAL: 21847
ITERATION 8: [4458, 1020, 2660, 1663, 1548, 1313, 4442, 1857, 1973], TOTAL: 20934
ITERATION 9: [4157, 1076, 2425, 1625, 1481, 1155, 4365, 2481, 1968], TOTAL: 20733

AVERAGE:     [4397, 1263, 2334, 1847, 1514, 1300, 4653, 2032, 2020], TOTAL: 21360
MEDIAN:      [4280, 1076, 2460, 1719, 1508, 1247, 4659, 1911, 1992], TOTAL: 21664

~~~~~~~~~~~~~~~~~~~~~~~~~~~~~~~~~~~~~~~~~~~~~~~~~~~~~~~~
TIME STAMPS:

ITERATION 1: [4200, 5271, 7731, 9473, 11028, 12275, 16644, 18384, 20252]
ITERATION 2: [5108, 6673, 9266, 10985, 12459, 13722, 17792, 19912, 21896]
ITERATION 3: [4277, 5783, 7237, 9548, 10963, 12625, 17478, 20107, 22126]
ITERATION 4: [4263, 5727, 7875, 10216, 11719, 13140, 18160, 20071, 22132]
ITERATION 5: [4518, 6071, 8187, 9902, 11526, 12765, 17661, 19438, 21664]
ITERATION 6: [4312, 5354, 7929, 9611, 11119, 12320, 16979, 18698, 20690]
ITERATION 7: [4280, 5354, 7934, 9765, 11288, 12493, 17700, 19754, 21847]
ITERATION 8: [4458, 5478, 8138, 9801, 11349, 12662, 17104, 18961, 20934]
ITERATION 9: [4157, 5233, 7658, 9283, 10764, 11919, 16284, 18765, 20733]

AVERAGE:     [4397, 5660, 7995, 9842, 11357, 12657, 17311, 19343, 21363]

~~~~~~~~~~~~~~~~~~~~~~~~~~~~~~~~~~~~~~~~~~~~~~~~~~~~~~~~
MEDIAN RUN: 5
--------------------------------COMPILATION SETTING: p----------07-09-2020--15:55:54-------------------------------

--------------------------------COMPILATION SETTING: c----------07-09-2020--16:01:58-------------------------------
SIZE DATA:

Size of profile: 60775
Size of app: 60716

~~~~~~~~~~~~~~~~~~~~~~~~~~~~~~~~~~~~~~~~~~~~~~~~~~~~~~~~
ACTION DURATIONS:

ITERATION 1: [3730, 1355, 2131, 1557, 1562, 1246, 4824, 1804, 1946], TOTAL: 20155
ITERATION 2: [3790, 1394, 2236, 1633, 1860, 1210, 4698, 2238, 1590], TOTAL: 20649
ITERATION 3: [4166, 1408, 1954, 1680, 1248, 1541, 4659, 1681, 1886], TOTAL: 20223
ITERATION 4: [3715, 1362, 1925, 1765, 1544, 1226, 5112, 2342, 1651], TOTAL: 20642
ITERATION 5: [3683, 1282, 1995, 1587, 1525, 1257, 4364, 1754, 1921], TOTAL: 19368
ITERATION 6: [4318, 1110, 2227, 1825, 1882, 1180, 4767, 1772, 1882], TOTAL: 20963
ITERATION 7: [4727, 1305, 2107, 1578, 1564, 1248, 5063, 1687, 1948], TOTAL: 21227
ITERATION 8: [4669, 1346, 1648, 1947, 1843, 1190, 4368, 1897, 1833], TOTAL: 20741
ITERATION 9: [3629, 1460, 1913, 1534, 1547, 1355, 4503, 2332, 1561], TOTAL: 19834

AVERAGE:     [4047, 1335, 2015, 1678, 1619, 1272, 4706, 1945, 1802], TOTAL: 20419
MEDIAN:      [3790, 1355, 1995, 1633, 1562, 1246, 4698, 1804, 1882], TOTAL: 20642

~~~~~~~~~~~~~~~~~~~~~~~~~~~~~~~~~~~~~~~~~~~~~~~~~~~~~~~~
TIME STAMPS:

ITERATION 1: [3730, 5085, 7216, 8773, 10335, 11581, 16405, 18209, 20155]
ITERATION 2: [3790, 5184, 7420, 9053, 10913, 12123, 16821, 19059, 20649]
ITERATION 3: [4166, 5574, 7528, 9208, 10456, 11997, 16656, 18337, 20223]
ITERATION 4: [3715, 5077, 7002, 8767, 10311, 11537, 16649, 18991, 20642]
ITERATION 5: [3683, 4965, 6960, 8547, 10072, 11329, 15693, 17447, 19368]
ITERATION 6: [4318, 5428, 7655, 9480, 11362, 12542, 17309, 19081, 20963]
ITERATION 7: [4727, 6032, 8139, 9717, 11281, 12529, 17592, 19279, 21227]
ITERATION 8: [4669, 6015, 7663, 9610, 11453, 12643, 17011, 18908, 20741]
ITERATION 9: [3629, 5089, 7002, 8536, 10083, 11438, 15941, 18273, 19834]

AVERAGE:     [4047, 5383, 7398, 9076, 10696, 11968, 16675, 18620, 20422]

~~~~~~~~~~~~~~~~~~~~~~~~~~~~~~~~~~~~~~~~~~~~~~~~~~~~~~~~
MEDIAN RUN: 4
--------------------------------COMPILATION SETTING: c----------07-09-2020--16:01:58-------------------------------

--------------------------------COMPILATION SETTING: a----------07-09-2020--16:08:22-------------------------------
SIZE DATA:

Size of app: 170904

~~~~~~~~~~~~~~~~~~~~~~~~~~~~~~~~~~~~~~~~~~~~~~~~~~~~~~~~
ACTION DURATIONS:

ITERATION 1: [4218, 1059, 2196, 1637, 1331, 1381, 4920, 1497, 2016], TOTAL: 20255
ITERATION 2: [4715, 1044, 2100, 1635, 1525, 1197, 4393, 2212, 2205], TOTAL: 21026
ITERATION 3: [4736, 1024, 2199, 1625, 1524, 1221, 4681, 2165, 1471], TOTAL: 20646
ITERATION 4: [3731, 974, 2145, 1542, 1577, 1054, 4854, 2344, 1961], TOTAL: 20182
ITERATION 5: [4640, 957, 2024, 1532, 1541, 1196, 4450, 1624, 1710], TOTAL: 19674
ITERATION 6: [4013, 1008, 2210, 1522, 1545, 1162, 5016, 1729, 1794], TOTAL: 19999
ITERATION 7: [3739, 960, 2054, 1659, 1531, 1181, 4925, 1937, 1788], TOTAL: 19774
ITERATION 8: [3788, 1059, 2047, 1506, 1544, 1208, 4864, 2160, 1564], TOTAL: 19740
ITERATION 9: [3747, 1038, 2043, 1714, 1556, 1182, 4322, 1701, 1822], TOTAL: 19125

AVERAGE:     [4147, 1013, 2113, 1596, 1519, 1198, 4713, 1929, 1814], TOTAL: 20042
MEDIAN:      [4013, 1024, 2100, 1625, 1541, 1196, 4854, 1937, 1794], TOTAL: 19999

~~~~~~~~~~~~~~~~~~~~~~~~~~~~~~~~~~~~~~~~~~~~~~~~~~~~~~~~
TIME STAMPS:

ITERATION 1: [4218, 5277, 7473, 9110, 10441, 11822, 16742, 18239, 20255]
ITERATION 2: [4715, 5759, 7859, 9494, 11019, 12216, 16609, 18821, 21026]
ITERATION 3: [4736, 5760, 7959, 9584, 11108, 12329, 17010, 19175, 20646]
ITERATION 4: [3731, 4705, 6850, 8392, 9969, 11023, 15877, 18221, 20182]
ITERATION 5: [4640, 5597, 7621, 9153, 10694, 11890, 16340, 17964, 19674]
ITERATION 6: [4013, 5021, 7231, 8753, 10298, 11460, 16476, 18205, 19999]
ITERATION 7: [3739, 4699, 6753, 8412, 9943, 11124, 16049, 17986, 19774]
ITERATION 8: [3788, 4847, 6894, 8400, 9944, 11152, 16016, 18176, 19740]
ITERATION 9: [3747, 4785, 6828, 8542, 10098, 11280, 15602, 17303, 19125]

AVERAGE:     [4147, 5161, 7274, 8871, 10390, 11588, 16302, 18232, 20046]

~~~~~~~~~~~~~~~~~~~~~~~~~~~~~~~~~~~~~~~~~~~~~~~~~~~~~~~~
MEDIAN RUN: 6
--------------------------------COMPILATION SETTING: a----------07-09-2020--16:08:22-------------------------------

************************************************MEGA TEST SUMMARY:*************************************************
AVERAGES OVER 18 ITERATIONS:

Compilation flag  App size                           start;com.google.android.apps.maps edit;Search here;Googleplex        click;Amphith                      click;Googleplex;strict            click;DIRECTIONS                   click;Choose starting              click;Your location;strict         click;Start                        clickImage;Close navigation        TOTAL                              
e                 45078                              4306                               1385                               2182                               1795                               1537                               1266                               4335                               2317                               1900                               21023                              
u                 53208                              4146                               1257                               2303                               1685                               1516                               1226                               4307                               2147                               1881                               20468                              
f                 59130                              3909                               1201                               2213                               1705                               1517                               1212                               4469                               2057                               1716                               19999                              
p                 45076                              4354                               1301                               2305                               1779                               1507                               1272                               4617                               2069                               1947                               21151                              
c                 60690                              4017                               1243                               2068                               1649                               1588                               1232                               4639                               1912                               1783                               20131                              
a                 170904                             4014                               1122                               1996                               1588                               1528                               1205                               4621                               1914                               1779                               19767                              

************************************************MEGA TEST SUMMARY:*************************************************

-----------------------------------------------------------------CPU STATUSES: 1 1 1 1 1 1 1 1----------COMPILATION FLAGS: e u f p c a----------07-09-2020--15:02:15-----------------------------------------------------------------
