
45076
profile_test_data/1X39XX45_Googleplex_openApp_thru_navigation/e:/08-13-2020--20:24:55
1028, 2617, 1702, 1571, 1773, 4948, 3472
00:00:47.612, 00:01:07.223
995, 2533, 2004, 1492, 1226, 4924, 3479
00:01:20.177, 00:01:39.330
957, 2653, 1580, 1949, 1300, 4919, 2911
00:01:51.610, 00:02:10.379

170904
profile_test_data/1X39XX45_Googleplex_openApp_thru_navigation/a/08-13-2020--20:27:44
1344, 1813, 1938, 1526, 1439, 4373, 2154
00:00:48.822, 00:01:05.909
1374, 1742, 1853, 1523, 1190, 4554, 3187
00:01:17.069, 00:01:34.992
1445, 1462, 2570, 1591, 1572, 5016, 3018
00:01:47.979, 00:02:07.153

