
45072
profile_test_data/1X39XX45_Googleplex_openApp_thru_navigation/e:/07-29-2020--03:50:07
4381, 1390, 1688, 2247, 1583, 1240, 5249, 2525
00:00:43.957, 00:01:06.760
4632, 1020, 2792, 1738, 1275, 1586, 5507, 2598
00:01:13.057, 00:01:36.705
5605, 1500, 2505, 1967, 2153, 1454, 4370, 2530
00:01:43.199, 00:02:07.783
4528, 1535, 2038, 1752, 1487, 1338, 4596, 2663
00:02:15.280, 00:02:37.717

61228
profile_test_data/1X39XX45_Googleplex_openApp_thru_navigation/e:m/07-29-2020--03:53:29
3787, 959, 2057, 1556, 1514, 1170, 4537, 2629
00:00:42.159, 00:01:02.868
3690, 1008, 2261, 1564, 1562, 1160, 5030, 2715
00:01:09.373, 00:01:30.863
3994, 1302, 1926, 1588, 1723, 1301, 4578, 1878
00:01:37.130, 00:01:57.920
4832, 977, 2129, 1722, 1771, 1194, 5041, 2232
00:02:04.462, 00:02:26.860

61756
profile_test_data/1X39XX45_Googleplex_openApp_thru_navigation/e:mmm/07-29-2020--03:56:46
3755, 1011, 2112, 1411, 1705, 1168, 4505, 2230
00:00:41.201, 00:01:01.598
3691, 1396, 1887, 1589, 1549, 1342, 4649, 2378
00:01:07.821, 00:01:28.802
3950, 1342, 1844, 1498, 1563, 1343, 4850, 1729
00:01:35.148, 00:01:55.767
4423, 977, 2162, 1502, 1471, 1217, 4819, 2278
00:02:03.266, 00:02:24.615

61824
profile_test_data/1X39XX45_Googleplex_openApp_thru_navigation/e:mmmmm/07-29-2020--03:59:56
4738, 922, 2132, 1488, 1514, 1146, 4714, 1774
00:00:43.433, 00:01:04.361
3761, 1319, 1815, 1523, 1565, 1527, 4650, 2059
00:01:10.483, 00:01:31.202
3819, 983, 2312, 1614, 1436, 1159, 4529, 1927
00:01:37.909, 00:01:58.188
4358, 994, 2460, 1512, 1324, 1356, 3780, 2396
00:02:04.767, 00:02:25.447

53208
profile_test_data/1X39XX45_Googleplex_openApp_thru_navigation/u/07-29-2020--04:03:04
4270, 993, 2334, 1741, 1527, 1229, 5146, 2145
00:00:42.407, 00:01:04.292
4553, 976, 2856, 2258, 1486, 1212, 5016, 2472
00:01:10.891, 00:01:34.220
4272, 1577, 2257, 1809, 1541, 1276, 4019, 3125
00:01:40.787, 00:02:03.163
4512, 963, 2667, 1597, 1502, 1204, 4362, 2719
00:02:10.122, 00:02:32.148

63756
profile_test_data/1X39XX45_Googleplex_openApp_thru_navigation/u:m/07-29-2020--04:06:24
3828, 1008, 2579, 1297, 1687, 1180, 4683, 1814
00:00:41.818, 00:01:02.394
3834, 995, 2222, 1686, 1534, 1183, 4279, 1795
00:01:08.577, 00:01:28.605
3759, 1311, 2255, 1528, 1515, 1280, 3953, 2404
00:01:34.873, 00:01:55.378
3779, 974, 2192, 1752, 1724, 1359, 4802, 1818
00:02:01.558, 00:02:22.458

64204
profile_test_data/1X39XX45_Googleplex_openApp_thru_navigation/u:mmm/07-29-2020--04:09:30
3621, 1041, 2169, 1670, 1509, 1142, 4398, 1772
00:00:43.203, 00:01:03.025
3694, 1325, 1762, 1653, 1551, 1297, 4594, 2306
00:01:09.256, 00:01:29.938
3748, 1336, 1821, 1466, 1564, 1348, 4413, 2561
00:01:36.175, 00:01:56.932
3991, 1025, 2254, 1660, 1334, 1385, 4732, 1951
00:02:03.138, 00:02:23.970

64316
profile_test_data/1X39XX45_Googleplex_openApp_thru_navigation/u:mmmmm/07-29-2020--04:12:54
3656, 1282, 1734, 1537, 1484, 1248, 5399, 2087
00:00:40.617, 00:01:01.544
3902, 993, 2243, 1746, 1561, 1171, 4532, 2705
00:01:08.040, 00:01:29.393
3909, 1381, 1893, 1514, 1528, 1309, 4550, 1813
00:01:36.071, 00:01:56.468
4052, 1015, 2307, 1519, 1515, 1237, 5334, 2416
00:02:04.472, 00:02:26.367

59528
profile_test_data/1X39XX45_Googleplex_openApp_thru_navigation/s/07-29-2020--04:16:00
3756, 1303, 1975, 1692, 1588, 1299, 5186, 1577
00:00:44.295, 00:01:05.171
4222, 977, 2407, 1556, 1443, 1168, 4784, 2049
00:01:12.077, 00:01:33.183
3916, 1346, 1904, 1586, 1527, 1310, 4205, 1984
00:01:40.561, 00:02:00.839
4115, 943, 2381, 1663, 1436, 1164, 5360, 2182
00:02:07.097, 00:02:28.841

61740
profile_test_data/1X39XX45_Googleplex_openApp_thru_navigation/s:m/07-29-2020--04:18:55
3868, 1365, 1819, 1570, 2054, 1279, 5374, 2259
00:00:40.124, 00:01:02.212
3849, 1009, 2162, 1560, 1557, 1164, 4239, 3303
00:01:08.612, 00:01:29.955
3850, 938, 2431, 1556, 1446, 1568, 5090, 2443
00:01:36.179, 00:01:58.001
3965, 1405, 1915, 1541, 2039, 1240, 5461, 2556
00:02:04.350, 00:02:26.972

62152
profile_test_data/1X39XX45_Googleplex_openApp_thru_navigation/s:mmm/07-29-2020--04:22:11
4313, 1345, 1801, 1651, 1524, 1202, 4476, 2761
00:00:41.890, 00:01:03.463
3796, 1418, 1970, 1572, 1439, 1330, 4280, 2552
00:01:09.723, 00:01:30.580
3768, 1415, 2208, 1362, 1810, 1326, 4876, 2854
00:01:37.323, 00:01:59.442
3933, 925, 2414, 1594, 1476, 1199, 4785, 1800
00:02:05.846, 00:02:26.472

62404
profile_test_data/1X39XX45_Googleplex_openApp_thru_navigation/s:mmmmm/07-29-2020--04:25:06
3729, 1368, 1973, 1700, 1427, 1286, 5849, 2046
00:00:40.807, 00:01:02.685
3916, 1059, 2499, 1555, 1439, 1205, 4536, 2060
00:01:08.908, 00:01:29.677
3910, 974, 2168, 1708, 1571, 1374, 4661, 1932
00:01:36.740, 00:01:57.538
3775, 1518, 1889, 1715, 1559, 1350, 4625, 1836
00:02:03.871, 00:02:24.638

170904
profile_test_data/1X39XX45_Googleplex_openApp_thru_navigation/a/07-29-2020--04:28:04
3941, 992, 1957, 1588, 1518, 1131, 4886, 2027
00:00:42.105, 00:01:02.645
3969, 990, 2072, 1688, 1528, 1200, 5045, 2809
00:01:08.846, 00:01:30.647
3965, 1031, 2062, 1597, 1515, 1513, 4719, 1817
00:01:37.013, 00:01:57.732
4608, 1334, 1846, 1525, 1532, 1179, 5288, 1927
00:02:03.940, 00:02:25.679

45072
profile_test_data/1X39XX45_Googleplex_openApp_thru_navigation/e:/07-29-2020--04:31:27
4502, 1497, 2088, 1886, 1784, 1358, 5173, 2758
00:00:42.850, 00:01:06.396
4426, 1622, 2012, 1786, 1476, 1320, 5025, 2276
00:01:13.826, 00:01:36.269
4458, 1400, 2072, 1640, 1420, 1459, 4538, 3231
00:01:42.526, 00:02:05.244
4560, 1567, 2064, 1745, 1467, 1345, 4069, 3299
00:02:11.644, 00:02:34.260

61228
profile_test_data/1X39XX45_Googleplex_openApp_thru_navigation/e:m/07-29-2020--04:34:40
3990, 926, 2309, 1518, 1582, 1210, 5916, 1802
00:00:43.062, 00:01:04.815
3781, 1387, 1833, 1631, 1534, 1367, 4173, 2221
00:01:11.232, 00:01:31.659
3947, 941, 2227, 1681, 1555, 1457, 4838, 1800
00:01:37.906, 00:01:58.852
4155, 959, 2304, 1607, 2016, 1189, 3943, 2192
00:02:05.817, 00:02:26.682

61756
profile_test_data/1X39XX45_Googleplex_openApp_thru_navigation/e:mmm/07-29-2020--04:37:39
4173, 973, 2159, 1542, 1515, 1160, 4679, 2055
00:00:42.055, 00:01:02.811
3733, 1390, 1887, 1538, 1575, 1299, 4984, 1994
00:01:09.778, 00:01:30.678
3959, 1344, 1892, 1657, 1506, 1298, 5377, 2339
00:01:37.675, 00:01:59.547
3762, 959, 2226, 1570, 1546, 1345, 4663, 1864
00:02:06.184, 00:02:26.619

61824
profile_test_data/1X39XX45_Googleplex_openApp_thru_navigation/e:mmmmm/07-29-2020--04:40:39
3812, 1370, 2021, 1768, 1507, 1202, 4141, 1906
00:00:42.223, 00:01:02.450
3765, 1361, 2274, 1366, 1790, 1263, 5118, 2083
00:01:09.861, 00:01:31.381
3894, 1024, 2223, 1589, 1555, 1182, 4759, 2591
00:01:37.872, 00:01:59.189
4494, 1387, 2079, 1534, 1956, 1222, 4418, 1904
00:02:05.876, 00:02:27.370

53208
profile_test_data/1X39XX45_Googleplex_openApp_thru_navigation/u/07-29-2020--04:43:34
4453, 1537, 2079, 1613, 1516, 1324, 4374, 3172
00:00:42.329, 00:01:04.897
5393, 1059, 1951, 2188, 1614, 1284, 4890, 2568
00:01:11.384, 00:01:34.831
4378, 974, 2645, 1696, 1495, 1243, 4560, 2213
00:01:41.200, 00:02:02.904
4173, 1510, 2053, 1705, 1555, 1272, 4989, 2708
00:02:09.367, 00:02:31.832

63756
profile_test_data/1X39XX45_Googleplex_openApp_thru_navigation/u:m/07-29-2020--04:46:39
3750, 1275, 1773, 1513, 1543, 1245, 4993, 1815
00:00:42.395, 00:01:02.802
3912, 1355, 1939, 1791, 1788, 1291, 4275, 1856
00:01:09.216, 00:01:29.923
3826, 990, 2363, 1515, 1555, 1182, 4303, 2470
00:01:36.216, 00:01:56.920
3837, 991, 2244, 1540, 1566, 1158, 4558, 2166
00:02:03.172, 00:02:23.732

64204
profile_test_data/1X39XX45_Googleplex_openApp_thru_navigation/u:mmm/07-29-2020--04:49:33
3756, 1007, 2201, 1561, 1558, 1221, 3959, 2190
00:00:42.887, 00:01:02.840
3777, 1422, 1868, 1565, 1589, 1306, 4690, 2641
00:01:09.244, 00:01:30.602
3861, 1006, 2256, 1503, 1554, 1209, 4177, 2661
00:01:36.836, 00:01:57.563
3850, 1302, 1881, 1555, 1579, 1232, 4303, 2233
00:02:04.184, 00:02:24.619

64316
profile_test_data/1X39XX45_Googleplex_openApp_thru_navigation/u:mmmmm/07-29-2020--04:52:25
3785, 945, 2185, 2627, 1444, 1127, 5155, 1805
00:00:42.528, 00:01:04.101
3873, 1335, 1887, 1564, 1570, 1221, 4797, 2730
00:01:10.628, 00:01:32.105
3860, 1386, 1843, 1647, 1541, 1214, 4750, 2083
00:01:38.293, 00:01:59.117
3901, 1778, 1829, 1584, 1547, 1308, 4517, 2831
00:02:05.407, 00:02:27.202

59528
profile_test_data/1X39XX45_Googleplex_openApp_thru_navigation/s/07-29-2020--04:55:24
3796, 1027, 2289, 1563, 1542, 1164, 4771, 1873
00:00:41.587, 00:01:02.112
4062, 1394, 1913, 1773, 1606, 1207, 5076, 1750
00:01:09.087, 00:01:30.368
4158, 942, 2323, 1680, 1327, 1398, 4613, 2152
00:01:37.274, 00:01:58.367
4038, 1043, 2393, 1613, 1553, 1186, 5146, 2121
00:02:05.567, 00:02:27.160

61740
profile_test_data/1X39XX45_Googleplex_openApp_thru_navigation/s:m/07-29-2020--04:58:28
3859, 1317, 1780, 1584, 1477, 1407, 4442, 2382
00:00:42.040, 00:01:02.788
4052, 1370, 1870, 1544, 1320, 1499, 4458, 2165
00:01:09.048, 00:01:29.826
3924, 990, 2216, 1547, 1395, 1309, 5227, 2477
00:01:36.240, 00:01:57.825
4045, 993, 2286, 1666, 1581, 1185, 4617, 2699
00:02:04.256, 00:02:25.828

62152
profile_test_data/1X39XX45_Googleplex_openApp_thru_navigation/s:mmm/07-29-2020--05:01:23
4823, 1040, 2064, 1580, 1551, 1206, 4419, 1798
00:00:41.535, 00:01:02.516
4325, 1376, 1983, 1687, 2134, 1312, 3762, 2382
00:01:09.008, 00:01:30.469
3701, 1327, 1728, 1519, 1544, 1319, 4775, 2096
00:01:36.783, 00:01:57.292
3986, 1028, 2229, 1482, 1535, 1257, 4776, 2170
00:02:03.534, 00:02:24.497

62404
profile_test_data/1X39XX45_Googleplex_openApp_thru_navigation/s:mmmmm/07-29-2020--05:04:16
3778, 1304, 1776, 1458, 1499, 1295, 5629, 2316
00:00:42.681, 00:01:04.236
4837, 978, 2206, 1523, 1567, 1167, 5319, 2419
00:01:10.766, 00:01:33.282
4067, 1333, 1969, 1698, 1556, 1270, 5285, 2034
00:01:39.530, 00:02:01.242
4846, 1028, 2058, 1577, 1996, 1214, 5250, 1675
00:02:08.174, 00:02:30.318

170904
profile_test_data/1X39XX45_Googleplex_openApp_thru_navigation/a/07-29-2020--05:07:29
3999, 1281, 2473, 1498, 1471, 1315, 4612, 2072
00:00:41.910, 00:01:03.131
3923, 1365, 2008, 1608, 1542, 1265, 4672, 1913
00:01:09.453, 00:01:30.249
3832, 1324, 1737, 1666, 1526, 1274, 4631, 2216
00:01:36.522, 00:01:57.228
3896, 992, 2757, 1522, 1554, 1160, 5055, 2418
00:02:03.478, 00:02:25.332

45072
profile_test_data/1X39XX45_Googleplex_openApp_thru_navigation/e:/07-29-2020--05:10:52
5473, 993, 2444, 1768, 1518, 1192, 5101, 2040
00:00:43.483, 00:01:06.512
4576, 1411, 1948, 2183, 1471, 1355, 4758, 2306
00:01:12.987, 00:01:35.495
4482, 1400, 2081, 1672, 1584, 1306, 4441, 2262
00:01:41.840, 00:02:03.568
4470, 1620, 2087, 1659, 1582, 1297, 4802, 2573
00:02:10.968, 00:02:33.558

61228
profile_test_data/1X39XX45_Googleplex_openApp_thru_navigation/e:m/07-29-2020--05:14:06
3668, 1299, 1873, 1581, 1555, 1342, 4094, 2326
00:00:43.359, 00:01:03.597
3879, 1392, 1855, 1502, 1556, 1217, 5151, 2672
00:01:09.905, 00:01:31.629
3957, 1041, 2304, 1607, 1558, 1352, 4282, 2768
00:01:38.058, 00:01:59.427
4339, 1041, 2360, 1491, 1535, 1235, 5496, 1827
00:02:05.784, 00:02:27.608

61756
profile_test_data/1X39XX45_Googleplex_openApp_thru_navigation/e:mmm/07-29-2020--05:17:06
3778, 1322, 1844, 1547, 1554, 1328, 4278, 2561
00:00:41.297, 00:01:02.009
3842, 978, 2239, 1649, 1528, 1148, 5341, 2486
00:01:08.281, 00:01:29.992
5035, 1428, 1793, 1676, 1487, 1244, 4385, 2080
00:01:36.453, 00:01:58.081
4016, 1380, 1910, 1672, 1328, 1570, 4346, 1990
00:02:04.488, 00:02:25.200

61824
profile_test_data/1X39XX45_Googleplex_openApp_thru_navigation/e:mmmmm/07-29-2020--05:20:00
3779, 975, 2093, 1535, 1516, 1183, 5288, 2895
00:00:42.265, 00:01:04.029
3808, 926, 2103, 1702, 1537, 1187, 3491, 2656
00:01:11.172, 00:01:31.082
3790, 976, 2218, 2625, 1539, 1202, 4737, 2183
00:01:37.277, 00:01:59.047
3962, 1027, 2409, 1533, 1414, 1189, 3887, 1943
00:02:05.252, 00:02:25.116

53208
profile_test_data/1X39XX45_Googleplex_openApp_thru_navigation/u/07-29-2020--05:23:06
4258, 1493, 1923, 1781, 1557, 1275, 4860, 2192
00:00:44.563, 00:01:06.402
4211, 1010, 2456, 2646, 1538, 1237, 5221, 2620
00:01:12.721, 00:01:36.160
4576, 992, 2546, 1597, 1919, 1231, 4311, 2954
00:01:42.745, 00:02:05.371
4209, 1441, 1419, 2227, 1567, 1359, 5143, 2547
00:02:11.925, 00:02:34.337

63756
profile_test_data/1X39XX45_Googleplex_openApp_thru_navigation/u:m/07-29-2020--05:26:03
3908, 993, 2256, 1590, 1933, 1160, 4029, 2398
00:00:42.970, 00:01:03.737
3876, 1010, 2702, 2248, 1552, 1180, 4959, 2271
00:01:10.435, 00:01:32.733
3898, 1326, 1849, 1583, 1549, 1233, 4616, 2242
00:01:39.930, 00:02:00.726
3797, 1026, 2374, 1490, 1484, 1151, 4772, 2210
00:02:06.899, 00:02:27.703

64204
profile_test_data/1X39XX45_Googleplex_openApp_thru_navigation/u:mmm/07-29-2020--05:29:02
3827, 1331, 1791, 1467, 1495, 1089, 4349, 2045
00:00:42.373, 00:01:02.267
4761, 1402, 2035, 1660, 1322, 1425, 4366, 2368
00:01:09.200, 00:01:31.039
4167, 926, 2298, 1715, 1509, 1219, 4627, 1848
00:01:37.300, 00:01:58.109
3781, 1310, 1817, 1557, 1524, 1226, 5057, 1937
00:02:04.357, 00:02:25.066

64316
profile_test_data/1X39XX45_Googleplex_openApp_thru_navigation/u:mmmmm/07-29-2020--05:32:34
4142, 958, 2178, 1560, 1458, 1505, 6089, 2746
00:00:43.839, 00:01:06.975
3858, 1345, 1895, 1579, 1554, 1036, 3747, 2201
00:01:13.151, 00:01:32.866
3711, 1061, 2270, 1512, 1729, 1191, 5279, 1851
00:01:39.058, 00:02:00.162
3810, 1321, 2037, 1590, 1607, 1255, 4496, 2044
00:02:06.515, 00:02:27.175

59528
profile_test_data/1X39XX45_Googleplex_openApp_thru_navigation/s/07-29-2020--05:35:39
3993, 1003, 2323, 1799, 1616, 1192, 4785, 2593
00:00:42.214, 00:01:04.018
4082, 1507, 1878, 1719, 1519, 1193, 5611, 2688
00:01:10.297, 00:01:32.994
4092, 1383, 1913, 1704, 1565, 1347, 5060, 2204
00:01:39.306, 00:02:01.074
4131, 957, 2315, 1840, 1538, 1213, 4884, 1484
00:02:07.394, 00:02:28.256

61740
profile_test_data/1X39XX45_Googleplex_openApp_thru_navigation/s:m/07-29-2020--05:38:32
3723, 1325, 1867, 1753, 1559, 1283, 5285, 1215
00:00:42.643, 00:01:03.153
3890, 972, 1768, 2067, 1540, 1185, 5516, 1743
00:01:09.768, 00:01:30.949
3707, 1325, 2411, 1539, 1450, 1269, 4553, 2092
00:01:37.237, 00:01:58.083
3859, 1364, 1866, 1636, 1541, 1289, 4950, 2305
00:02:04.761, 00:02:26.071

62152
profile_test_data/1X39XX45_Googleplex_openApp_thru_navigation/s:mmm/07-29-2020--05:41:26
4031, 940, 2295, 1552, 1521, 1251, 4535, 1778
00:00:43.763, 00:01:04.166
3761, 1420, 2279, 1352, 1791, 1309, 5081, 1471
00:01:10.928, 00:01:31.892
3845, 1381, 1909, 1548, 1544, 1245, 5035, 1589
00:01:38.636, 00:01:59.232
3952, 1043, 2344, 1709, 1538, 1550, 4759, 1529
00:02:06.210, 00:02:27.134

62404
profile_test_data/1X39XX45_Googleplex_openApp_thru_navigation/s:mmmmm/07-29-2020--05:44:29
3872, 995, 2039, 1510, 1978, 1167, 3820, 1668
00:00:43.297, 00:01:02.846
3866, 1041, 2392, 1464, 1539, 1165, 4743, 1569
00:01:09.574, 00:01:29.853
4293, 1060, 2218, 1660, 1547, 1204, 4189, 1539
00:01:36.695, 00:01:56.905
3788, 990, 2773, 1634, 1553, 1129, 4382, 2064
00:02:04.951, 00:02:25.764

170904
profile_test_data/1X39XX45_Googleplex_openApp_thru_navigation/a/07-29-2020--05:47:31
3709, 991, 2140, 1606, 1571, 1182, 5031, 1686
00:00:42.255, 00:01:02.671
3932, 966, 2144, 1659, 1531, 1170, 5076, 1680
00:01:09.201, 00:01:29.859
3828, 1008, 2223, 1562, 1487, 1409, 4502, 1710
00:01:36.469, 00:01:56.698
3976, 1280, 1941, 1524, 1540, 1238, 4635, 1259
00:02:03.982, 00:02:23.875

45076
profile_test_data/1X39XX45_Googleplex_openApp_thru_navigation/e:/07-29-2020--05:50:39
4851, 1584, 1610, 2469, 1542, 1319, 6228, 1762
00:00:41.989, 00:01:05.854
4343, 909, 2574, 2634, 1530, 1207, 5446, 1473
00:01:14.192, 00:01:36.808
4480, 1094, 2515, 1832, 1599, 1224, 5276, 1452
00:01:43.999, 00:02:05.971
4795, 1549, 2059, 1959, 1463, 1226, 4933, 1372
00:02:14.182, 00:02:36.038

61228
profile_test_data/1X39XX45_Googleplex_openApp_thru_navigation/e:m/07-29-2020--05:53:40
4004, 1003, 2324, 1548, 1547, 1302, 4640, 1923
00:00:42.139, 00:01:02.930
3793, 975, 2156, 1518, 1573, 1205, 4778, 1792
00:01:09.602, 00:01:29.892
3796, 1419, 1846, 1601, 1556, 1262, 4574, 1894
00:01:36.407, 00:01:56.855
4091, 1043, 2272, 1625, 1529, 1188, 3921, 1828
00:02:04.904, 00:02:24.901

61756
profile_test_data/1X39XX45_Googleplex_openApp_thru_navigation/e:mmm/07-29-2020--05:56:32
3958, 1006, 2273, 1643, 1556, 1171, 4241, 1964
00:00:43.396, 00:01:03.708
3852, 1042, 2238, 1695, 1545, 1223, 5448, 1781
00:01:10.210, 00:01:31.534
4004, 1010, 2597, 1586, 1550, 1199, 4489, 1863
00:01:37.866, 00:01:58.664
3923, 992, 2200, 1616, 1543, 1180, 5855, 1492
00:02:05.382, 00:02:26.683

61824
profile_test_data/1X39XX45_Googleplex_openApp_thru_navigation/e:mmmmm/07-29-2020--05:59:30
3678, 1309, 2008, 1472, 1553, 1254, 5057, 1589
00:00:41.333, 00:01:01.753
3687, 1283, 1891, 1561, 1546, 1304, 4756, 1653
00:01:07.801, 00:01:27.982
4124, 1397, 1853, 1774, 1968, 1277, 4904, 1181
00:01:34.899, 00:01:55.877
4030, 1531, 1946, 1531, 1581, 1295, 4534, 1843
00:02:02.915, 00:02:23.706

53208
profile_test_data/1X39XX45_Googleplex_openApp_thru_navigation/u/07-29-2020--06:02:36
4390, 1065, 2539, 1632, 1552, 1270, 4974, 2501
00:00:42.099, 00:01:04.522
5152, 1500, 1962, 1713, 1497, 1323, 5298, 2313
00:01:11.326, 00:01:34.584
4384, 1534, 2001, 2591, 1467, 1360, 4469, 1643
00:01:41.784, 00:02:03.733
4374, 1026, 2997, 2263, 1452, 1225, 4999, 1928
00:02:10.834, 00:02:33.598

63756
profile_test_data/1X39XX45_Googleplex_openApp_thru_navigation/u:m/07-29-2020--06:05:34
4101, 1007, 2436, 1615, 1982, 1214, 4559, 2006
00:00:42.447, 00:01:03.867
3870, 1011, 2281, 1522, 1541, 1167, 4372, 1362
00:01:11.051, 00:01:30.677
3804, 1413, 1849, 1567, 1505, 1215, 4346, 1353
00:01:37.238, 00:01:56.790
3849, 944, 2418, 1619, 1337, 1470, 4750, 1841
00:02:04.000, 00:02:24.728

64204
profile_test_data/1X39XX45_Googleplex_openApp_thru_navigation/u:mmm/07-29-2020--06:08:31
3756, 1433, 1896, 1487, 1541, 1214, 5204, 1537
00:00:43.322, 00:01:03.890
3755, 1402, 1849, 1531, 1567, 1226, 4817, 1872
00:01:10.408, 00:01:30.927
3780, 1027, 2253, 1573, 1569, 1159, 4347, 1822
00:01:37.108, 00:01:57.138
4120, 1331, 2010, 1528, 1416, 1282, 5330, 1691
00:02:03.538, 00:02:24.746

64316
profile_test_data/1X39XX45_Googleplex_openApp_thru_navigation/u:mmmmm/07-29-2020--06:11:27
3989, 961, 2230, 1563, 1446, 1149, 5366, 1273
00:00:44.754, 00:01:05.231
3870, 1058, 2342, 1654, 1544, 1148, 5419, 1215
00:01:12.406, 00:01:33.156
3757, 975, 2349, 1546, 1569, 1165, 4669, 2927
00:01:39.642, 00:02:01.099
4322, 1010, 2209, 1630, 1474, 1270, 4738, 2267
00:02:07.678, 00:02:29.098

59528
profile_test_data/1X39XX45_Googleplex_openApp_thru_navigation/s/07-29-2020--06:14:27
3865, 1012, 2276, 1645, 1592, 1165, 5366, 1878
00:00:43.507, 00:01:04.806
4172, 1023, 2408, 1578, 1561, 1184, 5262, 1711
00:01:11.362, 00:01:32.761
4028, 946, 2350, 1699, 1597, 1227, 4209, 1925
00:01:39.394, 00:01:59.875
4004, 1442, 1948, 1779, 1338, 1529, 4874, 1903
00:02:06.409, 00:02:27.726

61740
profile_test_data/1X39XX45_Googleplex_openApp_thru_navigation/s:m/07-29-2020--06:17:22
3811, 1057, 2291, 1670, 1546, 1143, 5253, 1328
00:00:42.409, 00:01:03.008
3982, 1405, 1860, 1650, 1557, 1238, 4927, 2012
00:01:09.818, 00:01:30.949
4027, 1025, 2223, 1524, 1551, 1203, 5305, 1539
00:01:38.207, 00:01:59.104
4034, 1023, 2320, 1719, 1577, 1217, 5140, 1995
00:02:06.399, 00:02:27.924

62152
profile_test_data/1X39XX45_Googleplex_openApp_thru_navigation/s:mmm/07-29-2020--06:20:15
3771, 1413, 1897, 1727, 1772, 1286, 4601, 1760
00:00:41.656, 00:01:02.383
3960, 1440, 1843, 1580, 1310, 1485, 4799, 1383
00:01:10.147, 00:01:30.447
3699, 1042, 2196, 1664, 1536, 1147, 5045, 1471
00:01:38.106, 00:01:58.406
3840, 926, 2261, 1589, 1546, 1153, 5558, 2031
00:02:04.938, 00:02:26.342

62404
profile_test_data/1X39XX45_Googleplex_openApp_thru_navigation/s:mmmmm/07-29-2020--06:23:09
3776, 1374, 1889, 1692, 1541, 1272, 4727, 1782
00:00:42.372, 00:01:02.925
3925, 1024, 2431, 1625, 1541, 1170, 4586, 1733
00:01:09.282, 00:01:29.817
3809, 1041, 2308, 1679, 1545, 1193, 4884, 1582
00:01:36.275, 00:01:56.816
3917, 1009, 2454, 1473, 1756, 1168, 4739, 1537
00:02:03.437, 00:02:23.990

170904
profile_test_data/1X39XX45_Googleplex_openApp_thru_navigation/a/07-29-2020--06:26:26
4059, 1267, 1977, 1700, 1531, 1283, 5030, 1374
00:00:43.957, 00:01:04.678
3927, 1379, 1828, 1565, 1538, 1307, 5653, 2023
00:01:10.912, 00:01:32.632
3843, 1243, 1792, 1693, 1545, 1244, 5409, 1726
00:01:38.702, 00:01:59.697
3994, 1370, 1742, 1537, 1547, 1306, 4845, 1663
00:02:06.120, 00:02:26.624

45072
profile_test_data/1X39XX45_Googleplex_openApp_thru_navigation/e:/07-29-2020--06:29:41
4469, 1601, 2108, 2539, 1521, 1327, 4974, 1561
00:00:41.816, 00:01:04.416
4413, 1565, 2308, 1345, 1946, 1466, 4796, 2138
00:01:11.121, 00:01:33.598
4333, 1619, 2045, 2585, 1615, 1320, 4315, 2130
00:01:42.086, 00:02:04.548
4493, 1471, 1991, 1825, 1589, 1481, 5436, 1767
00:02:10.961, 00:02:33.514

61228
profile_test_data/1X39XX45_Googleplex_openApp_thru_navigation/e:m/07-29-2020--06:32:55
3988, 1010, 2460, 1731, 1521, 1280, 4548, 1526
00:00:42.140, 00:01:02.704
3848, 1008, 2252, 1582, 1547, 1225, 5125, 1488
00:01:09.191, 00:01:29.766
3966, 1320, 2219, 1665, 1570, 1322, 4642, 1229
00:01:38.234, 00:01:58.667
3797, 1330, 1932, 1536, 1573, 1283, 4220, 1438
00:02:05.305, 00:02:24.914

61756
profile_test_data/1X39XX45_Googleplex_openApp_thru_navigation/e:mmm/07-29-2020--06:35:54
4023, 1418, 1929, 1539, 1554, 1294, 4043, 2060
00:00:41.940, 00:01:02.300
3852, 941, 2281, 1511, 1520, 1197, 4292, 1787
00:01:08.768, 00:01:28.649
4151, 924, 2307, 1549, 1526, 1176, 6300, 1225
00:01:35.839, 00:01:57.497
3909, 993, 2567, 1509, 1783, 1170, 4964, 1387
00:02:03.869, 00:02:24.651

61824
profile_test_data/1X39XX45_Googleplex_openApp_thru_navigation/e:mmmmm/07-29-2020--06:38:50
3887, 1315, 1820, 1580, 1540, 1283, 4420, 1531
00:00:42.399, 00:01:02.275
3777, 914, 2643, 2109, 1543, 1192, 4314, 1768
00:01:08.807, 00:01:29.567
3798, 1341, 1800, 1682, 1549, 1306, 3899, 1965
00:01:36.465, 00:01:56.305
4013, 1449, 1919, 1502, 1532, 1214, 5206, 1419
00:02:03.035, 00:02:23.789

53208
profile_test_data/1X39XX45_Googleplex_openApp_thru_navigation/u/07-29-2020--06:41:59
4443, 1442, 2010, 1799, 1534, 1312, 3695, 2123
00:00:42.391, 00:01:03.249
4343, 1506, 1948, 1559, 1918, 1336, 5157, 1609
00:01:10.561, 00:01:32.437
4399, 1547, 2032, 1828, 1531, 1267, 4667, 1616
00:01:39.596, 00:02:00.983
4490, 1458, 2274, 1732, 1481, 1265, 4402, 1915
00:02:08.318, 00:02:29.835

63756
profile_test_data/1X39XX45_Googleplex_openApp_thru_navigation/u:m/07-29-2020--06:45:10
3789, 1311, 2037, 1807, 1518, 1440, 4266, 1795
00:00:41.931, 00:01:02.394
3921, 1342, 1898, 1884, 1560, 1477, 4702, 1459
00:01:08.972, 00:01:29.715
3925, 909, 2251, 1472, 1555, 1199, 4286, 1452
00:01:36.358, 00:01:55.907
3989, 1048, 1812, 2127, 1447, 1140, 4719, 1361
00:02:02.329, 00:02:22.472

64204
profile_test_data/1X39XX45_Googleplex_openApp_thru_navigation/u:mmm/07-29-2020--06:48:17
3739, 1373, 2130, 1527, 1531, 1353, 4686, 1560
00:00:41.398, 00:01:01.797
3791, 1372, 1783, 1543, 1519, 1286, 5479, 1480
00:01:08.195, 00:01:28.948
3750, 1430, 1911, 1528, 1537, 1278, 5230, 1535
00:01:35.580, 00:01:56.279
3910, 960, 2218, 1521, 1574, 1152, 4460, 1480
00:02:02.919, 00:02:22.694

64316
profile_test_data/1X39XX45_Googleplex_openApp_thru_navigation/u:mmmmm/07-29-2020--06:51:34
3920, 1305, 1908, 1642, 1350, 1445, 4589, 1672
00:00:43.073, 00:01:03.404
3791, 974, 2290, 1678, 1544, 1206, 4435, 1476
00:01:10.007, 00:01:29.901
3778, 1394, 1852, 1857, 1539, 1295, 4708, 1924
00:01:36.484, 00:01:57.331
3971, 965, 2315, 1571, 1573, 1154, 5026, 1403
00:02:04.016, 00:02:24.494

59528
profile_test_data/1X39XX45_Googleplex_openApp_thru_navigation/s/07-29-2020--06:54:41
4072, 960, 2481, 1593, 1807, 1200, 5120, 1375
00:00:42.109, 00:01:03.217
3866, 958, 2300, 1604, 1544, 1162, 4686, 1631
00:01:09.895, 00:01:30.146
4052, 1072, 2437, 1540, 1470, 1229, 5418, 1298
00:01:36.762, 00:01:57.778
4228, 992, 2264, 1699, 1443, 1144, 4031, 2115
00:02:06.251, 00:02:26.667

61740
profile_test_data/1X39XX45_Googleplex_openApp_thru_navigation/s:m/07-29-2020--06:57:51
3902, 1044, 2260, 1589, 1330, 1399, 9424, 2010
00:00:41.795, 00:01:07.253
3989, 1417, 1966, 1669, 1574, 1377, 4660, 1588
00:01:14.434, 00:01:35.174
3921, 1026, 2559, 1544, 1767, 1230, 4306, 1979
00:01:42.216, 00:02:03.048
3801, 1397, 1905, 1623, 1527, 1323, 4995, 1569
00:02:09.532, 00:02:30.172

62152
profile_test_data/1X39XX45_Googleplex_openApp_thru_navigation/s:mmm/07-29-2020--07:01:01
3776, 1078, 2135, 1570, 1437, 1133, 4672, 1254
00:00:42.561, 00:01:02.116
3957, 960, 2158, 1659, 1434, 1307, 5057, 1241
00:01:09.697, 00:01:29.970
3818, 1428, 1883, 1612, 1549, 1349, 5131, 1298
00:01:36.575, 00:01:57.143
4080, 927, 2927, 1641, 1543, 1230, 4835, 1837
00:02:04.337, 00:02:25.857

62404
profile_test_data/1X39XX45_Googleplex_openApp_thru_navigation/s:mmmmm/07-29-2020--07:04:05
3790, 1008, 2149, 1410, 1749, 1168, 4357, 2254
00:00:41.995, 00:01:02.380
3759, 1437, 1854, 1588, 2045, 1255, 3881, 1773
00:01:08.556, 00:01:28.648
3865, 959, 2172, 1605, 1533, 1157, 23088, 1453
00:01:35.050, 00:02:13.382
3888, 1122, 2372, 1521, 1565, 1238, 4615, 1629
00:02:20.039, 00:02:40.489

170904
profile_test_data/1X39XX45_Googleplex_openApp_thru_navigation/a/07-29-2020--07:07:30
3699, 972, 2196, 1687, 1582, 1277, 4891, 1604
00:00:43.501, 00:01:03.909
3908, 1025, 2081, 1581, 1517, 1164, 4388, 1555
00:01:10.318, 00:01:30.037
4028, 1389, 1887, 1568, 1548, 1200, 4706, 1236
00:01:36.966, 00:01:57.028
3756, 1321, 1737, 1795, 1516, 1364, 4403, 1509
00:02:04.089, 00:02:23.990

45076
profile_test_data/1X39XX45_Googleplex_openApp_thru_navigation/e:/07-29-2020--07:10:59
4459, 1628, 2110, 1760, 1601, 1415, 5277, 1481
00:00:43.617, 00:01:05.848
4533, 1613, 1498, 2331, 1975, 1268, 5420, 2038
00:01:12.676, 00:01:35.852
4448, 1558, 2075, 1728, 1588, 1369, 4094, 2108
00:01:42.624, 00:02:04.092
4494, 1628, 2094, 1663, 1502, 1368, 4543, 2030
00:02:11.035, 00:02:32.857

61228
profile_test_data/1X39XX45_Googleplex_openApp_thru_navigation/e:m/07-29-2020--07:14:12
3973, 991, 2318, 1657, 1565, 1161, 4962, 1589
00:00:41.566, 00:01:02.282
3824, 1319, 1847, 1556, 1550, 1212, 4736, 1482
00:01:09.428, 00:01:29.454
3840, 978, 2241, 1509, 1578, 1209, 4531, 1464
00:01:36.620, 00:01:56.470
3997, 1277, 2282, 1479, 1539, 1721, 3848, 2028
00:02:03.685, 00:02:24.356

61756
profile_test_data/1X39XX45_Googleplex_openApp_thru_navigation/e:mmm/07-29-2020--07:17:22
3855, 924, 2367, 1599, 1525, 1173, 4880, 1069
00:00:42.620, 00:01:02.512
3933, 1410, 1895, 1511, 1523, 1309, 4528, 1963
00:01:09.772, 00:01:30.344
3771, 1009, 2250, 1660, 1552, 1159, 4749, 1944
00:01:36.849, 00:01:57.443
4168, 977, 2188, 1541, 1502, 1189, 4414, 2018
00:02:05.898, 00:02:26.395

61824
profile_test_data/1X39XX45_Googleplex_openApp_thru_navigation/e:mmmmm/07-29-2020--07:20:29
3784, 1880, 2021, 1811, 1563, 1194, 3894, 1765
00:00:42.020, 00:01:02.432
3938, 1054, 2421, 1719, 1527, 1177, 4868, 1294
00:01:11.019, 00:01:31.517
3744, 1441, 1883, 1507, 1544, 1359, 5189, 1709
00:01:38.476, 00:01:59.352
4047, 977, 2299, 1803, 1473, 1195, 4840, 1419
00:02:05.915, 00:02:26.468

53208
profile_test_data/1X39XX45_Googleplex_openApp_thru_navigation/u/07-29-2020--07:23:25
4353, 1042, 2406, 1722, 1589, 1232, 4750, 1294
00:00:43.567, 00:01:04.455
4249, 1550, 1444, 2186, 1586, 1305, 6691, 2124
00:01:11.664, 00:01:35.299
4259, 1525, 1870, 1704, 1558, 1283, 5107, 1889
00:01:42.684, 00:02:04.379
4640, 1535, 1922, 1590, 1336, 1352, 5205, 2148
00:02:11.098, 00:02:33.326

63756
profile_test_data/1X39XX45_Googleplex_openApp_thru_navigation/u:m/07-29-2020--07:26:25
4184, 1029, 2248, 1622, 1322, 1281, 4837, 1286
00:00:42.493, 00:01:02.802
3999, 1433, 1860, 1567, 1544, 1241, 4583, 1076
00:01:09.913, 00:01:29.716
3880, 1012, 2239, 1599, 1318, 1390, 4621, 1889
00:01:37.110, 00:01:57.558
3940, 1027, 2325, 1642, 1568, 1216, 4201, 1982
00:02:04.245, 00:02:24.646

64204
profile_test_data/1X39XX45_Googleplex_openApp_thru_navigation/u:mmm/07-29-2020--07:29:31
3976, 1010, 2371, 1465, 1528, 1230, 3956, 2006
00:00:44.819, 00:01:04.861
4066, 1041, 2071, 2121, 1703, 1210, 4821, 1437
00:01:11.077, 00:01:32.047
3828, 959, 2480, 1583, 1567, 1218, 5268, 1380
00:01:39.177, 00:01:59.960
3878, 1316, 1806, 1580, 1560, 1281, 4757, 1342
00:02:07.030, 00:02:27.050

64316
profile_test_data/1X39XX45_Googleplex_openApp_thru_navigation/u:mmmmm/07-29-2020--07:32:33
3750, 1044, 2314, 1679, 1570, 1146, 4689, 1987
00:00:42.073, 00:01:02.752
3894, 1005, 2246, 1502, 1555, 1173, 4838, 1225
00:01:09.855, 00:01:29.793
3833, 1008, 2215, 1796, 1789, 1198, 4500, 1568
00:01:36.857, 00:01:57.264
3850, 1316, 1809, 2535, 1534, 1313, 3908, 1869
00:02:04.042, 00:02:24.676

59528
profile_test_data/1X39XX45_Googleplex_openApp_thru_navigation/s/07-29-2020--07:35:36
3982, 960, 2358, 2595, 1542, 1157, 4824, 1415
00:00:42.370, 00:01:03.703
4131, 1060, 2339, 1805, 1254, 1388, 5294, 1613
00:01:10.406, 00:01:31.790
4078, 1425, 1888, 1681, 1438, 1320, 4724, 1435
00:01:39.335, 00:01:59.824
3852, 1026, 2397, 1710, 1588, 1197, 5058, 1362
00:02:06.211, 00:02:26.901

61740
profile_test_data/1X39XX45_Googleplex_openApp_thru_navigation/s:m/07-29-2020--07:38:33
3907, 1392, 1917, 1583, 1551, 1291, 4397, 1235
00:00:41.642, 00:01:01.415
3833, 1385, 1903, 1809, 1523, 1526, 5225, 1531
00:01:08.206, 00:01:29.441
3770, 1345, 1844, 1735, 1549, 1274, 4798, 1636
00:01:35.652, 00:01:56.103
4113, 1010, 2285, 1752, 1458, 1202, 4473, 1953
00:02:03.381, 00:02:24.127

62152
profile_test_data/1X39XX45_Googleplex_openApp_thru_navigation/s:mmm/07-29-2020--07:41:36
3893, 1404, 1897, 1584, 1541, 1294, 3960, 1742
00:00:43.023, 00:01:02.838
3909, 976, 2383, 1850, 1565, 1169, 4361, 1556
00:01:09.598, 00:01:29.867
3896, 1390, 1928, 1578, 1543, 1345, 4263, 1745
00:01:36.670, 00:01:56.858
5037, 1408, 1820, 1520, 1352, 1527, 3716, 1723
00:02:03.934, 00:02:24.537

62404
profile_test_data/1X39XX45_Googleplex_openApp_thru_navigation/s:mmmmm/07-29-2020--07:44:41
3824, 1349, 1842, 1536, 1531, 1279, 4544, 1738
00:00:42.398, 00:01:02.541
3707, 907, 2530, 1516, 1573, 1184, 4894, 1531
00:01:09.394, 00:01:29.736
3807, 1027, 2287, 1535, 1574, 1155, 4252, 1862
00:01:36.414, 00:01:56.413
3897, 940, 2441, 1547, 1546, 1185, 5144, 1555
00:02:03.443, 00:02:24.198

170904
profile_test_data/1X39XX45_Googleplex_openApp_thru_navigation/a/07-29-2020--07:47:39
3859, 1324, 1746, 1618, 1534, 1278, 4841, 1618
00:00:42.985, 00:01:03.303
3930, 925, 2316, 1887, 1513, 1353, 4947, 1607
00:01:09.525, 00:01:30.503
3938, 1340, 1765, 1607, 1546, 1190, 4484, 1793
00:01:37.252, 00:01:57.415
3796, 923, 2008, 1664, 1525, 1682, 4779, 1363
00:02:04.134, 00:02:24.374

45072
profile_test_data/1X39XX45_Googleplex_openApp_thru_navigation/e:/07-29-2020--07:50:45
4412, 1572, 2175, 1696, 1626, 1234, 4698, 2382
00:00:43.167, 00:01:05.462
4445, 1497, 2034, 1814, 1491, 1265, 4733, 2169
00:01:12.659, 00:01:34.607
4559, 1508, 2134, 1613, 1907, 1327, 5448, 1946
00:01:42.493, 00:02:05.435
4417, 1484, 2090, 2595, 1601, 1235, 5075, 1514
00:02:11.987, 00:02:34.498

61228
profile_test_data/1X39XX45_Googleplex_openApp_thru_navigation/e:m/07-29-2020--07:54:20
3959, 1007, 2703, 1622, 1576, 1239, 4081, 1887
00:00:42.674, 00:01:03.248
3941, 949, 2276, 1605, 1516, 1186, 4846, 1487
00:01:09.937, 00:01:30.243
3789, 1043, 2318, 1522, 1576, 1193, 4294, 2105
00:01:36.794, 00:01:57.134
3954, 1026, 2266, 1535, 1441, 1230, 4567, 1391
00:02:04.338, 00:02:24.248

61756
profile_test_data/1X39XX45_Googleplex_openApp_thru_navigation/e:mmm/07-29-2020--07:57:36
3764, 1415, 1823, 1597, 1518, 1298, 4699, 1454
00:00:43.936, 00:01:04.004
3888, 1426, 1849, 1528, 1553, 1205, 4794, 1980
00:01:10.258, 00:01:30.981
3944, 1316, 1933, 1556, 1467, 1674, 4723, 1457
00:01:38.607, 00:01:59.177
4086, 1362, 1951, 1475, 1512, 1268, 5150, 1444
00:02:05.428, 00:02:26.176

61824
profile_test_data/1X39XX45_Googleplex_openApp_thru_navigation/e:mmmmm/07-29-2020--08:00:41
4304, 991, 2135, 2007, 1518, 1153, 4621, 1831
00:00:43.514, 00:01:04.574
3793, 1315, 1961, 1587, 1556, 1326, 4815, 1614
00:01:11.156, 00:01:31.623
3847, 928, 2359, 1821, 1562, 1207, 4729, 1783
00:01:37.838, 00:01:58.574
4193, 1364, 2226, 2256, 1466, 1260, 5046, 1615
00:02:06.645, 00:02:28.571

53208
profile_test_data/1X39XX45_Googleplex_openApp_thru_navigation/u/07-29-2020--08:03:46
4321, 1010, 2378, 1839, 1364, 1427, 4345, 2687
00:00:43.627, 00:01:05.498
4507, 1492, 1871, 1731, 1364, 1527, 5032, 2273
00:01:12.245, 00:01:34.542
4239, 1042, 2578, 1584, 1582, 1228, 4666, 2062
00:01:41.101, 00:02:02.582
4273, 1576, 1939, 1681, 1486, 1270, 5505, 2144
00:02:10.302, 00:02:32.676

63756
profile_test_data/1X39XX45_Googleplex_openApp_thru_navigation/u:m/07-29-2020--08:06:41
4013, 1012, 2208, 1642, 1562, 1586, 4682, 1246
00:00:42.839, 00:01:03.290
3799, 1349, 1885, 1511, 1563, 1235, 5383, 1638
00:01:10.307, 00:01:31.170
3880, 1318, 1825, 1491, 1539, 1299, 4984, 1618
00:01:37.736, 00:01:58.190
3882, 943, 2279, 1586, 1557, 1156, 22160, 1622
00:02:05.720, 00:02:43.405

64204
profile_test_data/1X39XX45_Googleplex_openApp_thru_navigation/u:mmm/07-29-2020--08:09:52
3871, 958, 2301, 1694, 1338, 1371, 4533, 1813
00:00:43.959, 00:01:04.338
3944, 1488, 1876, 1601, 1450, 1331, 4467, 1720
00:01:11.069, 00:01:31.446
3762, 975, 2277, 1697, 1510, 1243, 4724, 1671
00:01:38.020, 00:01:58.379
3879, 1012, 2321, 1677, 1584, 1214, 5255, 1501
00:02:04.779, 00:02:25.722

64316
profile_test_data/1X39XX45_Googleplex_openApp_thru_navigation/u:mmmmm/07-29-2020--08:12:45
3895, 1036, 2416, 1857, 1463, 1215, 4539, 1369
00:00:41.821, 00:01:02.111
3815, 905, 2422, 1540, 1534, 1205, 4604, 1689
00:01:08.971, 00:01:29.185
3812, 1049, 2262, 1585, 1527, 1172, 3347, 1589
00:01:36.424, 00:01:55.267
3963, 1006, 2548, 1818, 1595, 1231, 5159, 1580
00:02:01.700, 00:02:23.100

59528
profile_test_data/1X39XX45_Googleplex_openApp_thru_navigation/s/07-29-2020--08:15:40
3878, 1043, 2383, 1569, 1566, 1214, 4027, 2096
00:00:42.646, 00:01:02.922
4049, 992, 2407, 1617, 1593, 1226, 4077, 2184
00:01:10.169, 00:01:30.814
3971, 976, 2258, 1618, 1536, 1221, 4588, 2004
00:01:37.278, 00:01:57.950
3982, 1348, 1894, 1755, 1563, 1348, 4207, 1974
00:02:05.215, 00:02:25.786

61740
profile_test_data/1X39XX45_Googleplex_openApp_thru_navigation/s:m/07-29-2020--08:18:59
3911, 1357, 1905, 1496, 1511, 1290, 5269, 1428
00:00:42.700, 00:01:03.367
5073, 1030, 1573, 2651, 1451, 1190, 4573, 1660
00:01:10.612, 00:01:32.313
3828, 993, 2292, 1671, 1547, 1206, 4370, 2069
00:01:38.897, 00:01:59.373
4056, 1460, 1174, 2661, 1747, 1290, 4269, 1421
00:02:05.913, 00:02:26.491

62152
profile_test_data/1X39XX45_Googleplex_openApp_thru_navigation/s:mmm/07-29-2020--08:21:58
3847, 1008, 2506, 1455, 1556, 1183, 4853, 1290
00:00:43.899, 00:01:04.097
3861, 992, 2268, 1595, 1511, 1124, 4578, 2126
00:01:10.339, 00:01:30.894
3982, 1024, 2225, 1601, 1553, 1203, 5069, 1607
00:01:38.120, 00:01:58.884
4064, 958, 2199, 1632, 1534, 1209, 4431, 1889
00:02:05.537, 00:02:25.953

62404
profile_test_data/1X39XX45_Googleplex_openApp_thru_navigation/s:mmmmm/07-29-2020--08:24:54
3740, 924, 2228, 1672, 1548, 1184, 5223, 1244
00:00:43.055, 00:01:03.318
3692, 1323, 2361, 1336, 1788, 1276, 5407, 2226
00:01:10.203, 00:01:32.112
4227, 1411, 1872, 1630, 1561, 1238, 4846, 1311
00:01:38.721, 00:01:59.317
4282, 976, 2230, 1539, 1328, 1377, 4631, 1901
00:02:06.329, 00:02:27.093

170904
profile_test_data/1X39XX45_Googleplex_openApp_thru_navigation/a/07-29-2020--08:27:57
3936, 1370, 1340, 2054, 1523, 1271, 5354, 1143
00:00:43.003, 00:01:03.494
3923, 1293, 1922, 1523, 1515, 1204, 4829, 1441
00:01:10.667, 00:01:30.817
3912, 1350, 1783, 1702, 1569, 1346, 4354, 1440
00:01:37.847, 00:01:57.803
4067, 1262, 1786, 1612, 1630, 1252, 4915, 1545
00:02:04.558, 00:02:25.127

45076
profile_test_data/1X39XX45_Googleplex_openApp_thru_navigation/e:/07-29-2020--08:31:02
4810, 1515, 2268, 1766, 1586, 1255, 4975, 1368
00:00:42.524, 00:01:04.567
5428, 1598, 2587, 2067, 1486, 1267, 4861, 1669
00:01:11.448, 00:01:34.911
4814, 1515, 1996, 1730, 1572, 1299, 5175, 1602
00:01:42.002, 00:02:04.205
4648, 1554, 1991, 1692, 2018, 1304, 4458, 2199
00:02:10.915, 00:02:33.279

61228
profile_test_data/1X39XX45_Googleplex_openApp_thru_navigation/e:m/07-29-2020--08:34:22
3792, 1417, 1846, 1545, 1532, 1291, 4864, 1375
00:00:41.985, 00:01:02.147
3819, 1024, 2197, 1658, 1409, 1337, 5344, 1745
00:01:09.047, 00:01:30.080
4049, 1059, 2419, 1580, 1565, 1205, 5219, 1512
00:01:36.882, 00:01:57.990
3844, 1438, 1890, 1593, 1609, 1270, 10535, 1463
00:02:04.863, 00:02:31.005

61756
profile_test_data/1X39XX45_Googleplex_openApp_thru_navigation/e:mmm/07-29-2020--08:37:21
4135, 1380, 2022, 1691, 1475, 1181, 5733, 1340
00:00:44.159, 00:01:05.616
4842, 1024, 2251, 1692, 1560, 1514, 4409, 1517
00:01:12.231, 00:01:33.540
3769, 959, 2209, 1588, 1550, 1182, 3850, 1461
00:01:40.109, 00:01:59.177
3894, 960, 2309, 1264, 1697, 1295, 4723, 1638
00:02:05.501, 00:02:25.781

61824
profile_test_data/1X39XX45_Googleplex_openApp_thru_navigation/e:mmmmm/07-29-2020--08:40:15
3824, 1328, 1842, 1625, 1544, 1185, 5633, 1687
00:00:42.301, 00:01:03.469
4024, 993, 2426, 1791, 1599, 1180, 4959, 1455
00:01:10.734, 00:01:31.661
4084, 1012, 2352, 1626, 1599, 1202, 4977, 1567
00:01:38.237, 00:01:59.156
3844, 959, 2344, 1703, 1590, 1177, 4740, 1539
00:02:06.408, 00:02:26.804

53208
profile_test_data/1X39XX45_Googleplex_openApp_thru_navigation/u/07-29-2020--08:43:11
5416, 1580, 1966, 1689, 1498, 1236, 5239, 1450
00:00:44.019, 00:01:06.593
4399, 1607, 2102, 1732, 1526, 1402, 4600, 2087
00:01:13.419, 00:01:35.374
4345, 1092, 2645, 1672, 1505, 1216, 4803, 2536
00:01:42.476, 00:02:04.790
4501, 1576, 1977, 1862, 1506, 1401, 4076, 2155
00:02:11.456, 00:02:33.010

63756
profile_test_data/1X39XX45_Googleplex_openApp_thru_navigation/u:m/07-29-2020--08:46:16
4014, 1401, 1929, 1512, 1551, 1283, 4487, 1888
00:00:41.733, 00:01:02.298
4038, 1271, 2337, 1643, 1404, 1292, 5522, 1339
00:01:09.962, 00:01:31.308
4020, 1446, 2538, 1599, 1590, 1370, 4157, 1907
00:01:38.070, 00:01:59.197
3876, 976, 2407, 1596, 1591, 1232, 5131, 1568
00:02:06.487, 00:02:27.364

64204
profile_test_data/1X39XX45_Googleplex_openApp_thru_navigation/u:mmm/07-29-2020--08:49:15
3767, 942, 2220, 1646, 1522, 1153, 5033, 1783
00:00:42.359, 00:01:02.925
3879, 974, 2374, 1691, 1518, 1225, 4877, 1438
00:01:09.392, 00:01:29.868
3867, 1457, 1985, 1545, 2008, 1367, 4853, 1491
00:01:36.035, 00:01:57.108
4061, 1352, 1940, 1561, 1448, 1275, 4746, 1330
00:02:03.980, 00:02:24.193

64316
profile_test_data/1X39XX45_Googleplex_openApp_thru_navigation/u:mmmmm/07-29-2020--08:52:19
4055, 1399, 1868, 1474, 1415, 1320, 5034, 1233
00:00:40.819, 00:01:01.117
3781, 1444, 2341, 1525, 1573, 1218, 4858, 1381
00:01:07.571, 00:01:28.192
3837, 1025, 2586, 1673, 1609, 1194, 5002, 1373
00:01:34.559, 00:01:55.358
4846, 1027, 2241, 1800, 1521, 1232, 4519, 1536
00:02:01.753, 00:02:22.975

59528
profile_test_data/1X39XX45_Googleplex_openApp_thru_navigation/s/07-29-2020--08:55:14
3930, 1011, 2298, 1628, 1562, 1169, 5485, 1401
00:00:43.208, 00:01:04.192
3892, 993, 2504, 1622, 1533, 1207, 5441, 1518
00:01:10.870, 00:01:32.080
4231, 1041, 2465, 1676, 1534, 1221, 5771, 1598
00:01:39.004, 00:02:01.041
4110, 941, 2530, 1769, 1539, 1380, 3453, 2062
00:02:08.112, 00:02:28.396

61740
profile_test_data/1X39XX45_Googleplex_openApp_thru_navigation/s:m/07-29-2020--08:58:10
3770, 1040, 2627, 1559, 1547, 1180, 4763, 1847
00:00:42.908, 00:01:03.741
3819, 992, 2449, 2312, 1483, 1217, 4939, 1465
00:01:10.929, 00:01:32.105
4489, 1377, 1817, 1688, 1572, 1270, 5043, 1451
00:01:38.917, 00:02:00.124
4028, 926, 2397, 1749, 1547, 1200, 4463, 1802
00:02:07.260, 00:02:27.872

62152
profile_test_data/1X39XX45_Googleplex_openApp_thru_navigation/s:mmm/07-29-2020--09:01:11
3866, 995, 2280, 2547, 1523, 1178, 4806, 1210
00:00:43.842, 00:01:04.747
4805, 1000, 2193, 1520, 1537, 1130, 4903, 1479
00:01:11.682, 00:01:32.749
3938, 1026, 2210, 1564, 1556, 1241, 4811, 1556
00:01:39.711, 00:02:00.113
3817, 1425, 2076, 1621, 1599, 1343, 4900, 1499
00:02:07.291, 00:02:28.071

62404
profile_test_data/1X39XX45_Googleplex_openApp_thru_navigation/s:mmmmm/07-29-2020--09:04:18
3745, 1076, 2178, 1544, 1542, 1215, 5458, 1561
00:00:42.280, 00:01:03.099
3902, 943, 2411, 1678, 1456, 1231, 5338, 1301
00:01:09.658, 00:01:30.418
3828, 1428, 1934, 1528, 1582, 1317, 4959, 1426
00:01:37.619, 00:01:58.121
4384, 1066, 2386, 1791, 1499, 1171, 4402, 1914
00:02:04.576, 00:02:25.689

170904
profile_test_data/1X39XX45_Googleplex_openApp_thru_navigation/a/07-29-2020--09:07:28
3933, 1388, 2222, 1392, 1676, 1255, 5207, 1238
00:00:43.842, 00:01:04.653
3977, 1059, 2072, 1625, 1514, 1126, 5462, 1341
00:01:11.198, 00:01:31.874
3821, 1034, 2673, 1592, 1595, 1220, 5170, 1905
00:01:38.655, 00:02:00.165
3949, 1411, 1893, 1551, 1488, 1359, 4605, 1504
00:02:07.322, 00:02:27.582

45072
profile_test_data/1X39XX45_Googleplex_openApp_thru_navigation/e:/07-29-2020--09:10:57
4438, 1613, 2135, 1890, 1552, 1230, 5761, 1382
00:00:43.299, 00:01:05.800
4698, 1585, 2121, 1701, 1531, 1414, 5171, 1641
00:01:12.689, 00:01:35.051
4574, 1683, 2185, 1817, 1609, 1346, 4943, 1812
00:01:43.510, 00:02:05.979
4437, 1663, 2107, 1842, 1508, 1305, 5181, 1688
00:02:12.831, 00:02:35.062

61228
profile_test_data/1X39XX45_Googleplex_openApp_thru_navigation/e:m/07-29-2020--09:13:58
3803, 1442, 1989, 1479, 1584, 1339, 4707, 1473
00:00:41.930, 00:01:02.246
3766, 1409, 1919, 1665, 1544, 1354, 4715, 1629
00:01:09.235, 00:01:29.736
4095, 1045, 2403, 1683, 1563, 1184, 4977, 1560
00:01:36.528, 00:01:57.538
4293, 962, 2417, 1506, 1443, 1321, 4646, 1552
00:02:04.351, 00:02:24.991

61756
profile_test_data/1X39XX45_Googleplex_openApp_thru_navigation/e:mmm/07-29-2020--09:17:08
3781, 1447, 1879, 1582, 1537, 1274, 4655, 1150
00:00:43.866, 00:01:03.671
3767, 1059, 2283, 1802, 1551, 1212, 4699, 1539
00:01:10.423, 00:01:30.835
3757, 989, 2222, 1682, 1583, 1197, 4876, 2025
00:01:37.431, 00:01:58.262
3960, 1011, 2387, 1668, 1582, 1246, 5013, 1532
00:02:04.810, 00:02:25.709

61824
profile_test_data/1X39XX45_Googleplex_openApp_thru_navigation/e:mmmmm/07-29-2020--09:20:12
3846, 1010, 2314, 1607, 1494, 1209, 4880, 1754
00:00:42.231, 00:01:02.845
3979, 993, 2372, 1584, 1566, 1225, 3973, 1918
00:01:10.372, 00:01:30.482
3821, 1412, 2011, 1656, 1511, 1286, 5652, 1429
00:01:37.134, 00:01:58.412
4027, 991, 2396, 1436, 1532, 1040, 4904, 1401
00:02:05.283, 00:02:25.510

53208
profile_test_data/1X39XX45_Googleplex_openApp_thru_navigation/u/07-29-2020--09:23:16
4499, 1565, 2709, 1632, 1464, 1346, 4368, 1972
00:00:42.700, 00:01:04.755
4299, 1621, 2164, 1671, 1479, 1261, 4747, 1531
00:01:11.710, 00:01:32.983
4586, 1523, 2209, 1738, 1479, 1361, 3668, 2360
00:01:39.924, 00:02:01.348
4209, 1577, 2022, 1648, 1560, 1350, 4295, 1739
00:02:08.335, 00:02:29.235

63756
profile_test_data/1X39XX45_Googleplex_openApp_thru_navigation/u:m/07-29-2020--09:26:38
4103, 973, 2290, 1462, 1582, 1155, 4902, 1325
00:00:43.631, 00:01:03.923
3879, 1387, 1951, 1571, 1565, 1352, 4776, 1857
00:01:10.656, 00:01:31.494
3882, 973, 2238, 2589, 1559, 1193, 4853, 1546
00:01:38.096, 00:01:59.429
3925, 922, 2004, 1998, 1432, 1178, 4393, 1815
00:02:06.596, 00:02:26.763

64204
profile_test_data/1X39XX45_Googleplex_openApp_thru_navigation/u:mmm/07-29-2020--09:29:53
3972, 1027, 2834, 1605, 1561, 1201, 4852, 1409
00:00:42.440, 00:01:03.401
3758, 1060, 2346, 1622, 1551, 1206, 4403, 1466
00:01:10.042, 00:01:29.954
3720, 1455, 1999, 1540, 1530, 1232, 4574, 2228
00:01:37.891, 00:01:58.669
4052, 1025, 2452, 1734, 1463, 1398, 4490, 1854
00:02:05.143, 00:02:26.111

64316
profile_test_data/1X39XX45_Googleplex_openApp_thru_navigation/u:mmmmm/07-29-2020--09:33:00
3752, 1048, 2293, 1582, 1544, 1136, 4965, 1211
00:00:42.085, 00:01:02.116
3875, 1041, 2182, 1512, 1536, 1250, 4949, 1471
00:01:08.782, 00:01:29.098
4818, 1041, 2250, 1600, 1508, 1232, 4611, 1528
00:01:35.792, 00:01:56.880
3880, 972, 2546, 1786, 1547, 1202, 4393, 1896
00:02:03.811, 00:02:24.533

59528
profile_test_data/1X39XX45_Googleplex_openApp_thru_navigation/s/07-29-2020--09:35:52
4025, 959, 2422, 1584, 1556, 1168, 5799, 1350
00:00:43.814, 00:01:05.177
3970, 958, 2485, 1762, 1257, 1375, 5299, 1609
00:01:12.150, 00:01:33.365
4080, 1425, 1923, 1686, 1575, 1331, 5102, 1909
00:01:40.565, 00:02:02.096
3974, 1504, 1920, 1762, 1941, 1295, 5109, 1552
00:02:08.397, 00:02:29.954

61740
profile_test_data/1X39XX45_Googleplex_openApp_thru_navigation/s:m/07-29-2020--09:39:09
3882, 1369, 2090, 1591, 1583, 1284, 5245, 1221
00:00:41.760, 00:01:02.525
4044, 1373, 1926, 1557, 1300, 1558, 4731, 1455
00:01:09.159, 00:01:29.603
3822, 1352, 1920, 1553, 1534, 1264, 4737, 1717
00:01:36.309, 00:01:56.708
3884, 1009, 2216, 1601, 1452, 1321, 4578, 1985
00:02:03.434, 00:02:23.980

62152
profile_test_data/1X39XX45_Googleplex_openApp_thru_navigation/s:mmm/07-29-2020--09:42:07
3807, 1011, 2272, 1860, 1568, 1187, 5193, 1391
00:00:43.867, 00:01:04.656
4836, 1327, 1819, 1548, 1521, 1233, 4371, 1545
00:01:11.493, 00:01:32.193
4094, 990, 2418, 1525, 1921, 1185, 4420, 1701
00:01:39.083, 00:01:59.837
3699, 1340, 1892, 2548, 1525, 1329, 4680, 1680
00:02:06.532, 00:02:27.725

62404
profile_test_data/1X39XX45_Googleplex_openApp_thru_navigation/s:mmmmm/07-29-2020--09:45:24
3800, 1245, 2310, 1589, 1479, 1249, 5487, 1266
00:00:42.612, 00:01:03.537
3963, 1012, 2253, 1582, 1576, 1206, 5416, 1347
00:01:10.587, 00:01:31.442
3996, 1377, 2088, 1639, 1553, 1240, 4985, 1469
00:01:37.969, 00:01:58.816
3766, 1025, 2408, 1795, 1451, 1235, 5374, 1410
00:02:05.434, 00:02:26.398

170904
profile_test_data/1X39XX45_Googleplex_openApp_thru_navigation/a/07-29-2020--09:48:27
4044, 1024, 2236, 1513, 1516, 1205, 4251, 1703
00:00:42.479, 00:01:02.471
4265, 1045, 2278, 1649, 1537, 1206, 4919, 1461
00:01:09.410, 00:01:30.270
4148, 1355, 1834, 1572, 1309, 1453, 4387, 2032
00:01:36.681, 00:01:57.271
4071, 1401, 2037, 1514, 1455, 1241, 5700, 1683
00:02:04.788, 00:02:26.390

