
45076
profile_test_data/1X39XX45_Googleplex_openApp_thru_navigation/e/07-28-2020--03:40:34
4471, 990, 2639, 1691, 1570, 1269, 4950, 2650
00:00:41.629, 00:01:04.359
4504, 1059, 2352, 1749, 1560, 1191, 4184, 2376
00:01:10.876, 00:01:32.351
4378, 1091, 2599, 1668, 1555, 1235, 4126, 2546
00:01:38.723, 00:02:00.421
4386, 1431, 1982, 1761, 1546, 1332, 4493, 2018
00:02:06.857, 00:02:28.306

53208
profile_test_data/1X39XX45_Googleplex_openApp_thru_navigation/u/07-28-2020--03:43:30
4213, 1404, 2097, 1598, 1497, 1256, 4627, 2177
00:00:42.129, 00:01:03.498
4308, 1452, 1996, 1722, 1534, 1237, 4193, 2690
00:01:09.829, 00:01:31.461
4121, 1418, 2078, 1552, 1466, 1330, 4883, 2107
00:01:38.168, 00:01:59.623
4317, 1315, 1942, 1653, 1472, 1311, 4829, 1695
00:02:06.660, 00:02:27.694

59108
profile_test_data/1X39XX45_Googleplex_openApp_thru_navigation/ef/07-28-2020--03:46:23
3939, 988, 2279, 1556, 1480, 1150, 4820, 2586
00:00:42.058, 00:01:03.356
3737, 1338, 1828, 1608, 1515, 1221, 4247, 2602
00:01:09.698, 00:01:30.294
3991, 942, 2454, 1714, 1462, 1164, 4197, 1992
00:01:36.851, 00:01:57.267
3771, 977, 2305, 1560, 1511, 1185, 4336, 1829
00:02:03.457, 00:02:23.431

61400
profile_test_data/1X39XX45_Googleplex_openApp_thru_navigation/ec/07-28-2020--03:51:01
3901, 1061, 2465, 1499, 1516, 1202, 4769, 1858
00:00:41.946, 00:01:02.717
3746, 1295, 1723, 1625, 1446, 1221, 4810, 2333
00:01:09.991, 00:01:30.690
3796, 1320, 1752, 1557, 1541, 1262, 4356, 1779
00:01:36.914, 00:01:56.777
3740, 1391, 1798, 1505, 1511, 1275, 4587, 2188
00:02:03.167, 00:02:23.662

170904
profile_test_data/1X39XX45_Googleplex_openApp_thru_navigation/a/07-28-2020--03:55:41
3768, 1348, 1262, 1838, 1441, 1223, 3608, 1891
00:00:42.062, 00:01:00.941
3744, 943, 1997, 1603, 1459, 1126, 4204, 2202
00:01:07.982, 00:01:27.760
3866, 1324, 1957, 1532, 1475, 1175, 2755, 2156
00:01:33.955, 00:01:52.695
3721, 1256, 1795, 1617, 1472, 1241, 4191, 2095
00:01:59.967, 00:02:19.855

45072
profile_test_data/1X39XX45_Googleplex_openApp_thru_navigation/e/07-28-2020--03:58:35
4254, 1459, 2012, 1643, 1544, 1312, 4100, 2095
00:00:41.503, 00:01:02.422
4399, 1467, 1975, 1605, 1542, 1222, 4976, 2437
00:01:09.382, 00:01:31.505
4383, 1449, 1912, 1748, 1539, 1261, 4711, 2267
00:01:38.448, 00:02:00.218
4353, 1526, 2004, 1640, 1465, 1293, 4213, 2791
00:02:07.445, 00:02:29.230

53204
profile_test_data/1X39XX45_Googleplex_openApp_thru_navigation/u/07-28-2020--04:01:30
4261, 993, 2576, 1704, 1532, 1166, 4702, 2147
00:00:42.570, 00:01:04.151
4028, 1536, 1899, 1624, 1457, 1307, 4051, 2982
00:01:10.742, 00:01:32.126
4114, 1375, 2001, 1501, 1449, 1312, 4440, 1885
00:01:38.690, 00:01:59.267
4438, 1027, 2396, 1618, 1457, 1209, 4279, 2660
00:02:06.545, 00:02:28.129

58872
profile_test_data/1X39XX45_Googleplex_openApp_thru_navigation/ef/07-28-2020--04:04:28
3779, 991, 2176, 1632, 1489, 1156, 4870, 2212
00:00:42.611, 00:01:03.416
3894, 1287, 1831, 1601, 1526, 1257, 4554, 2214
00:01:09.729, 00:01:30.393
3841, 1359, 1752, 1664, 1500, 1229, 4425, 2340
00:01:36.831, 00:01:57.441
3962, 977, 2220, 1698, 1528, 1168, 4636, 1711
00:02:04.094, 00:02:24.494

61016
profile_test_data/1X39XX45_Googleplex_openApp_thru_navigation/ec/07-28-2020--04:09:08
3709, 1285, 1823, 1521, 1454, 1204, 4146, 1709
00:00:41.768, 00:01:01.119
3698, 1299, 1824, 1517, 1445, 1239, 4934, 2246
00:01:08.387, 00:01:29.089
3816, 1011, 2170, 1595, 1513, 1188, 4432, 2248
00:01:35.591, 00:01:56.064
3762, 960, 2138, 1483, 1436, 1184, 4657, 1861
00:02:03.302, 00:02:23.283

170904
profile_test_data/1X39XX45_Googleplex_openApp_thru_navigation/a/07-28-2020--04:14:02
3790, 1271, 1561, 1702, 1455, 1230, 4281, 1991
00:00:41.267, 00:01:01.048
4847, 1296, 1669, 1486, 1503, 1174, 4780, 1608
00:01:07.327, 00:01:28.190
3861, 1043, 2025, 1617, 1470, 1128, 4091, 2097
00:01:35.200, 00:01:55.032
3717, 1221, 1746, 1739, 1493, 1264, 4345, 1838
00:02:01.194, 00:02:21.057

45072
profile_test_data/1X39XX45_Googleplex_openApp_thru_navigation/e/07-28-2020--04:17:01
4363, 1387, 2072, 1685, 1480, 1180, 4234, 2673
00:00:42.768, 00:01:04.342
4303, 1474, 1900, 1643, 1489, 1243, 4358, 2516
00:01:10.995, 00:01:32.421
4487, 1009, 2482, 1771, 1527, 1190, 4556, 2032
00:01:39.036, 00:02:00.590
4347, 1027, 2373, 1685, 1720, 1272, 3945, 2900
00:02:07.622, 00:02:29.391

53204
profile_test_data/1X39XX45_Googleplex_openApp_thru_navigation/u/07-28-2020--04:19:53
4199, 959, 2382, 1745, 1443, 1189, 4169, 2044
00:00:41.342, 00:01:01.972
4097, 1471, 1896, 1525, 1445, 1235, 4840, 1888
00:01:09.106, 00:01:30.003
4298, 1458, 1980, 1566, 1443, 1288, 4861, 2199
00:01:37.195, 00:01:58.788
4299, 1076, 2393, 1671, 1501, 1148, 3989, 1954
00:02:06.516, 00:02:27.047

59132
profile_test_data/1X39XX45_Googleplex_openApp_thru_navigation/ef/07-28-2020--04:22:46
3981, 925, 2282, 1642, 1470, 1141, 4377, 2249
00:00:43.004, 00:01:03.571
3927, 1317, 1889, 1560, 1470, 1180, 3940, 2492
00:01:10.339, 00:01:30.614
3998, 1444, 1895, 1552, 1445, 1251, 3984, 2045
00:01:37.700, 00:01:57.814
3961, 977, 2284, 1607, 1473, 1149, 4300, 2419
00:02:04.875, 00:02:25.545

61832
profile_test_data/1X39XX45_Googleplex_openApp_thru_navigation/ec/07-28-2020--04:27:26
3580, 989, 2047, 1615, 1417, 1120, 3916, 1711
00:00:41.610, 00:01:00.505
4713, 1316, 1540, 1481, 1416, 1191, 4992, 1696
00:01:07.689, 00:01:28.534
3676, 994, 1827, 1523, 1424, 1139, 3807, 1689
00:01:35.963, 00:01:54.542
3653, 1293, 1757, 1590, 1428, 1217, 4119, 2139
00:02:01.707, 00:02:21.403

170904
profile_test_data/1X39XX45_Googleplex_openApp_thru_navigation/a/07-28-2020--04:31:59
3676, 1212, 1495, 1483, 1392, 1218, 4295, 1503
00:00:42.099, 00:01:00.873
3696, 1281, 1516, 1557, 1429, 1231, 3639, 2431
00:01:07.518, 00:01:26.798
3664, 971, 1862, 1475, 1463, 1118, 4208, 1658
00:01:33.912, 00:01:52.831
4693, 1009, 1772, 1509, 1430, 1143, 4157, 1951
00:01:59.536, 00:02:19.700

45072
profile_test_data/1X39XX45_Googleplex_openApp_thru_navigation/e/07-28-2020--04:34:46
4288, 1078, 2119, 1653, 1468, 1173, 4710, 2589
00:00:42.827, 00:01:04.405
4067, 1075, 2204, 1595, 1430, 1181, 4790, 2564
00:01:10.989, 00:01:32.395
4249, 990, 2128, 1591, 1491, 1141, 4659, 1825
00:01:38.933, 00:01:59.507
4144, 1419, 1977, 1615, 1447, 1269, 4086, 2274
00:02:06.675, 00:02:27.406

53204
profile_test_data/1X39XX45_Googleplex_openApp_thru_navigation/u/07-28-2020--04:37:36
4212, 1287, 1817, 1580, 1453, 1211, 4316, 2106
00:00:41.911, 00:01:02.393
4063, 1025, 2342, 1757, 1422, 1191, 4255, 2322
00:01:09.618, 00:01:30.495
3958, 924, 2281, 1749, 1466, 1189, 3882, 1902
00:01:37.724, 00:01:57.575
4076, 1451, 1992, 1541, 1457, 1233, 4268, 2182
00:02:04.750, 00:02:25.450

59424
profile_test_data/1X39XX45_Googleplex_openApp_thru_navigation/ef/07-28-2020--04:40:26
3718, 991, 2080, 1668, 1433, 1126, 4706, 1559
00:00:41.329, 00:01:01.110
4741, 1697, 1791, 1686, 1428, 1259, 4143, 1731
00:01:08.148, 00:01:29.124
3785, 1305, 1699, 1652, 1376, 1239, 3818, 2189
00:01:36.317, 00:01:55.880
3653, 1292, 1672, 1614, 1459, 1241, 3916, 1842
00:02:02.676, 00:02:21.865

61372
profile_test_data/1X39XX45_Googleplex_openApp_thru_navigation/ec/07-28-2020--04:45:15
3703, 1203, 1531, 1622, 1431, 1227, 4058, 2064
00:00:41.615, 00:01:00.954
3681, 1011, 2092, 1679, 1435, 1142, 2657, 1758
00:01:08.160, 00:01:26.115
3723, 1305, 1665, 1651, 1429, 1213, 4044, 2057
00:01:32.364, 00:01:51.951
3669, 993, 2115, 1585, 1411, 1150, 4603, 1726
00:01:59.182, 00:02:18.934

170904
profile_test_data/1X39XX45_Googleplex_openApp_thru_navigation/a/07-28-2020--04:49:50
4737, 1225, 1670, 1443, 1414, 1182, 4318, 2230
00:00:41.837, 00:01:02.556
3721, 1237, 1635, 1488, 1409, 1183, 4394, 2098
00:01:08.912, 00:01:28.577
3607, 1009, 1823, 1575, 1407, 1297, 3811, 1880
00:01:35.811, 00:01:54.720
4794, 1195, 1493, 1670, 1411, 1208, 4218, 2158
00:02:01.918, 00:02:22.565

45072
profile_test_data/1X39XX45_Googleplex_openApp_thru_navigation/e/07-28-2020--04:52:41
4119, 1381, 1942, 1595, 1505, 1194, 4497, 1946
00:00:41.963, 00:01:02.642
4231, 979, 2538, 1707, 1467, 1166, 4455, 2652
00:01:09.796, 00:01:31.491
4221, 1077, 2221, 1676, 1484, 1142, 4293, 2200
00:01:38.727, 00:01:59.541
4277, 1396, 1985, 1705, 1490, 1296, 4652, 2495
00:02:06.707, 00:02:28.503

53204
profile_test_data/1X39XX45_Googleplex_openApp_thru_navigation/u/07-28-2020--04:55:30
4060, 1413, 1836, 1597, 1473, 1302, 3772, 2713
00:00:42.457, 00:01:03.123
3963, 1480, 2337, 1566, 1441, 1182, 4381, 2557
00:01:09.688, 00:01:31.095
4049, 1379, 1726, 1562, 1471, 1240, 4230, 2316
00:01:37.749, 00:01:58.222
4105, 1007, 2125, 1504, 1426, 1173, 4295, 2547
00:02:05.416, 00:02:26.098

59056
profile_test_data/1X39XX45_Googleplex_openApp_thru_navigation/ef/07-28-2020--04:58:22
3664, 911, 2131, 1789, 1495, 1153, 3948, 2157
00:00:42.245, 00:01:01.993
3894, 1280, 1713, 1560, 1453, 1214, 3227, 1740
00:01:08.489, 00:01:27.070
4733, 1320, 1724, 1547, 1446, 1225, 4675, 1644
00:01:34.345, 00:01:55.159
3700, 1236, 1745, 1568, 1420, 1272, 3932, 2464
00:02:02.180, 00:02:22.017

61544
profile_test_data/1X39XX45_Googleplex_openApp_thru_navigation/ec/07-28-2020--05:03:13
3715, 996, 2061, 1693, 1493, 1144, 4402, 1822
00:00:42.017, 00:01:01.843
4688, 1323, 1563, 1471, 1429, 1240, 4383, 2126
00:01:09.023, 00:01:29.746
3730, 1245, 1826, 1483, 1431, 1222, 4149, 1995
00:01:36.224, 00:01:55.805
3779, 1057, 2034, 1635, 1425, 1167, 4390, 1890
00:02:03.099, 00:02:22.976

170904
profile_test_data/1X39XX45_Googleplex_openApp_thru_navigation/a/07-28-2020--05:07:56
4747, 1306, 1494, 1557, 1382, 1197, 4172, 1954
00:00:42.383, 00:01:02.692
3718, 962, 1892, 1482, 1485, 1135, 4427, 2103
00:01:09.948, 00:01:29.652
4686, 1043, 1728, 1480, 1452, 1132, 5274, 1587
00:01:36.893, 00:01:57.775
4753, 993, 1901, 1573, 1453, 1171, 4167, 2035
00:02:04.989, 00:02:25.535

