
45072
profile_test_data/1X39XX45_Googleplex_openApp_thru_navigation/e:/08-13-2020--20:49:30
1474, 1971, 1796, 1591, 1321, 4019, 4610
00:00:50.487, 00:01:09.769
1543, 2359, 1999, 1527, 1252, 3906, 3486
00:01:22.277, 00:01:40.849
1028, 2834, 2635, 1681, 1317, 4586, 5134
00:01:53.047, 00:02:14.762

170904
profile_test_data/1X39XX45_Googleplex_openApp_thru_navigation/a/08-13-2020--20:52:24
1325, 1951, 2335, 1481, 1353, 3993, 2246
00:00:47.372, 00:01:04.556
1076, 2491, 1664, 1519, 1270, 4243, 2903
00:01:16.058, 00:01:33.724
1487, 2040, 2586, 1614, 1465, 4504, 3190
00:01:47.281, 00:02:06.667

