
45072
profile_test_data/1X39XX45_Googleplex_openApp_thru_navigation/e:/07-30-2020--01:45:28
4179, 1511, 1916, 1698, 1582, 1342, 4570, 2470
00:00:41.856, 00:01:03.624
4282, 1012, 2407, 1630, 1595, 1208, 5015, 2620
00:01:11.175, 00:01:33.444
4559, 1441, 1793, 1615, 1556, 1207, 4022, 2598
00:01:41.151, 00:02:02.442
4272, 1577, 1913, 1567, 1548, 1215, 4426, 2541
00:02:10.156, 00:02:31.715

61256
profile_test_data/1X39XX45_Googleplex_openApp_thru_navigation/e:m/07-30-2020--01:48:27
4751, 1075, 2238, 1610, 1474, 1123, 3823, 2659
00:00:41.437, 00:01:02.690
3740, 992, 2220, 1733, 1474, 1147, 4643, 2235
00:01:10.382, 00:01:31.066
3915, 923, 2117, 1536, 1491, 1160, 3880, 2163
00:01:38.098, 00:01:57.783
3703, 1014, 2110, 1758, 1522, 1159, 4937, 2130
00:02:04.456, 00:02:25.289

62228
profile_test_data/1X39XX45_Googleplex_openApp_thru_navigation/e:mmm/07-30-2020--01:53:32
3592, 1284, 1801, 1626, 1476, 1242, 3784, 2011
00:00:41.686, 00:01:01.002
3781, 1377, 1775, 1558, 1496, 1258, 4392, 2151
00:01:07.661, 00:01:27.949
3782, 993, 2135, 1642, 1483, 1114, 3940, 2081
00:01:34.619, 00:01:54.289
3694, 1320, 1638, 1617, 1494, 1297, 4673, 2072
00:02:01.438, 00:02:21.743

62416
profile_test_data/1X39XX45_Googleplex_openApp_thru_navigation/e:mmmmm/07-30-2020--01:59:58
3631, 1182, 1776, 1675, 1456, 1227, 3440, 2425
00:00:42.309, 00:01:01.621
4277, 974, 2668, 1605, 1463, 1136, 4249, 2110
00:01:09.665, 00:01:30.647
3681, 992, 2229, 1649, 1491, 1209, 4270, 2191
00:01:38.046, 00:01:58.258
3648, 1260, 1793, 1680, 1506, 1205, 3693, 2082
00:02:04.999, 00:02:24.366

53208
profile_test_data/1X39XX45_Googleplex_openApp_thru_navigation/u/07-30-2020--02:06:38
3962, 1011, 2376, 1600, 1548, 1169, 3748, 2458
00:00:41.637, 00:01:02.009
4168, 1487, 1874, 1775, 1446, 1164, 4148, 2264
00:01:09.649, 00:01:30.475
4282, 1026, 2577, 1641, 1526, 1182, 3704, 2342
00:01:38.519, 00:01:59.299
4105, 1405, 1927, 1602, 1304, 1415, 4200, 2388
00:02:06.480, 00:02:27.326

63940
profile_test_data/1X39XX45_Googleplex_openApp_thru_navigation/u:m/07-30-2020--02:09:38
3584, 1029, 2059, 1505, 2046, 1163, 4237, 2115
00:00:40.439, 00:01:00.677
3676, 1321, 1734, 1503, 1508, 1273, 3711, 2268
00:01:07.610, 00:01:27.104
3667, 1005, 2440, 1639, 1518, 1162, 3972, 2096
00:01:34.113, 00:01:54.112
3675, 1024, 2045, 1759, 1491, 1202, 3972, 2064
00:02:01.383, 00:02:21.115

64192
profile_test_data/1X39XX45_Googleplex_openApp_thru_navigation/u:mmm/07-30-2020--02:14:30
4640, 980, 1932, 1536, 1455, 1147, 4347, 1964
00:00:41.434, 00:01:01.935
4076, 1024, 1846, 1545, 1471, 1167, 4402, 1838
00:01:09.037, 00:01:28.906
3957, 1255, 1775, 1746, 1343, 1330, 4340, 2211
00:01:36.308, 00:01:56.765
3783, 1276, 2285, 1582, 1494, 1240, 4276, 2124
00:02:04.204, 00:02:24.764

64264
profile_test_data/1X39XX45_Googleplex_openApp_thru_navigation/u:mmmmm/07-30-2020--02:21:19
3606, 1095, 1784, 1571, 1451, 1142, 4927, 2018
00:00:40.790, 00:01:00.884
4713, 975, 1891, 1612, 1457, 1159, 5280, 1891
00:01:09.110, 00:01:30.588
4670, 1041, 1807, 1561, 1475, 1152, 3758, 2665
00:01:38.578, 00:01:59.207
3685, 1301, 1273, 1902, 1491, 1198, 3910, 2006
00:02:05.587, 00:02:24.853

59528
profile_test_data/1X39XX45_Googleplex_openApp_thru_navigation/s/07-30-2020--02:28:05
3779, 943, 2101, 1556, 1515, 1184, 5345, 2175
00:00:40.820, 00:01:01.918
3849, 973, 2161, 1604, 1546, 1185, 4284, 2264
00:01:08.791, 00:01:29.157
5003, 1009, 1915, 2056, 1505, 1163, 4062, 2240
00:01:36.714, 00:01:58.167
4743, 991, 2172, 1822, 1496, 1123, 4066, 2271
00:02:05.561, 00:02:26.745

61996
profile_test_data/1X39XX45_Googleplex_openApp_thru_navigation/s:m/07-30-2020--02:30:59
3623, 1004, 1826, 1736, 1486, 1149, 4732, 2262
00:00:42.127, 00:01:02.445
3667, 1344, 1799, 1552, 1503, 1250, 3835, 2158
00:01:08.818, 00:01:28.426
3729, 1254, 2299, 1330, 1756, 1294, 4064, 2052
00:01:35.173, 00:01:55.451
3670, 1024, 2656, 1572, 1465, 1196, 4437, 1959
00:02:02.311, 00:02:22.790

62740
profile_test_data/1X39XX45_Googleplex_openApp_thru_navigation/s:mmm/07-30-2020--02:35:32
4592, 1455, 2125, 1466, 1452, 1161, 4503, 2005
00:00:43.303, 00:01:04.562
4575, 1062, 2057, 1518, 1466, 1121, 4651, 2328
00:01:11.281, 00:01:32.559
3843, 1223, 1866, 1647, 1458, 1236, 4545, 2323
00:01:38.931, 00:01:59.572
3914, 1249, 1847, 1638, 1479, 1184, 4584, 2465
00:02:07.667, 00:02:28.527

62984
profile_test_data/1X39XX45_Googleplex_openApp_thru_navigation/s:mmmmm/07-30-2020--02:42:10
3554, 1010, 2543, 1492, 1458, 1143, 4073, 2010
00:00:43.038, 00:01:02.821
3570, 1328, 2257, 1686, 1481, 1221, 4396, 1965
00:01:09.428, 00:01:29.832
4591, 1253, 1654, 1491, 1469, 1259, 5110, 2246
00:01:36.490, 00:01:58.063
5331, 1347, 1831, 1517, 1473, 1232, 5000, 2160
00:02:05.485, 00:02:27.876

170904
profile_test_data/1X39XX45_Googleplex_openApp_thru_navigation/a/07-30-2020--02:48:45
4820, 1542, 1829, 2201, 1467, 1243, 4351, 1924
00:00:42.234, 00:01:04.111
3949, 957, 2097, 1649, 1482, 1157, 5143, 2666
00:01:11.591, 00:01:33.191
3919, 1029, 1921, 1512, 1766, 1346, 4518, 2806
00:01:40.837, 00:02:02.154
3802, 1266, 2253, 1609, 1511, 1179, 3945, 2167
00:02:08.858, 00:02:29.090

45072
profile_test_data/1X39XX45_Googleplex_openApp_thru_navigation/e:/07-30-2020--02:51:44
4350, 1520, 1945, 1613, 1514, 1254, 4116, 2516
00:00:43.337, 00:01:04.665
4302, 1466, 1990, 1604, 1545, 1211, 3385, 2709
00:01:11.860, 00:01:32.572
4200, 1502, 2000, 1769, 1526, 1190, 3928, 3091
00:01:39.784, 00:02:01.490
5418, 1554, 2274, 1406, 1839, 1220, 4385, 2872
00:02:09.161, 00:02:32.629

61256
profile_test_data/1X39XX45_Googleplex_openApp_thru_navigation/e:m/07-30-2020--02:54:38
3688, 1007, 2110, 1675, 1508, 1150, 4341, 3250
00:00:43.612, 00:01:04.841
3789, 1392, 1746, 1554, 1526, 1328, 4409, 2199
00:01:11.515, 00:01:31.958
3923, 996, 2318, 1474, 1490, 1111, 4199, 2612
00:01:39.301, 00:01:59.924
3710, 1091, 2277, 1491, 1510, 1153, 5100, 2023
00:02:07.221, 00:02:28.076

62228
profile_test_data/1X39XX45_Googleplex_openApp_thru_navigation/e:mmm/07-30-2020--02:57:33
3770, 1027, 2124, 1584, 1501, 1145, 4274, 2195
00:00:42.834, 00:01:02.954
3803, 1066, 2068, 1477, 1511, 1180, 3970, 2381
00:01:09.970, 00:01:29.926
3716, 1366, 1766, 1835, 1708, 1418, 4566, 2430
00:01:37.635, 00:01:58.940
4125, 991, 2265, 1508, 1427, 1204, 4426, 2115
00:02:05.407, 00:02:25.968

62416
profile_test_data/1X39XX45_Googleplex_openApp_thru_navigation/e:mmmmm/07-30-2020--03:00:26
3716, 1296, 1800, 1612, 2012, 1260, 4119, 2072
00:00:43.603, 00:01:03.990
4098, 1401, 1704, 1509, 1475, 1194, 4355, 2803
00:01:11.847, 00:01:32.886
3734, 991, 1963, 1585, 1530, 1174, 4464, 2601
00:01:40.514, 00:02:01.056
3744, 941, 2257, 1581, 1456, 1108, 4361, 2861
00:02:09.147, 00:02:29.956

53208
profile_test_data/1X39XX45_Googleplex_openApp_thru_navigation/u/07-30-2020--03:03:24
4261, 1060, 2434, 1758, 1769, 1189, 4328, 2147
00:00:43.908, 00:01:05.354
4371, 1062, 2511, 2041, 1519, 1140, 3986, 2608
00:01:12.440, 00:01:34.178
4162, 1455, 1859, 1562, 1489, 1213, 4486, 3002
00:01:41.449, 00:02:03.177
5179, 1609, 2004, 1685, 1559, 1225, 4956, 2947
00:02:10.512, 00:02:34.176

63936
profile_test_data/1X39XX45_Googleplex_openApp_thru_navigation/u:m/07-30-2020--03:06:23
4695, 927, 2066, 1566, 1293, 1378, 4380, 2444
00:00:42.526, 00:01:03.775
3819, 942, 2144, 1558, 1526, 1196, 4544, 2068
00:01:11.397, 00:01:31.694
3694, 1042, 2105, 1532, 1491, 1197, 4269, 2132
00:01:38.816, 00:01:58.778
3665, 923, 2073, 1657, 1518, 1165, 4765, 2572
00:02:05.940, 00:02:26.778

64192
profile_test_data/1X39XX45_Googleplex_openApp_thru_navigation/u:mmm/07-30-2020--03:09:15
3763, 1322, 1939, 1610, 1464, 1278, 4147, 2221
00:00:43.661, 00:01:03.905
3803, 996, 2057, 1604, 1512, 1169, 3679, 2024
00:01:10.747, 00:01:30.091
3772, 1323, 1736, 1494, 1465, 1259, 4737, 2860
00:01:36.774, 00:01:57.920
3631, 1324, 1751, 1606, 1621, 1245, 5380, 2523
00:02:04.355, 00:02:25.936

64264
profile_test_data/1X39XX45_Googleplex_openApp_thru_navigation/u:mmmmm/07-30-2020--03:12:09
4112, 956, 2164, 1617, 1498, 1156, 4345, 2142
00:00:44.565, 00:01:05.055
3613, 995, 2113, 1675, 1521, 1162, 4525, 3099
00:01:11.732, 00:01:32.935
4853, 1275, 1777, 1694, 1523, 1233, 4499, 2239
00:01:39.282, 00:02:00.875
3853, 1058, 2113, 1544, 1491, 1159, 4535, 2665
00:02:09.027, 00:02:29.945

59528
profile_test_data/1X39XX45_Googleplex_openApp_thru_navigation/s/07-30-2020--03:15:07
3807, 977, 2208, 1603, 1662, 1146, 5066, 2641
00:00:42.531, 00:01:04.141
3929, 1749, 1845, 1613, 1530, 1214, 4245, 2909
00:01:11.379, 00:01:32.913
3895, 978, 2162, 1585, 1514, 1146, 4514, 3039
00:01:40.773, 00:02:02.106
3815, 1030, 2183, 1662, 1544, 1544, 4144, 2179
00:02:08.412, 00:02:29.013

61996
profile_test_data/1X39XX45_Googleplex_openApp_thru_navigation/s:m/07-30-2020--03:18:00
3802, 925, 2108, 1623, 1480, 1174, 4222, 2110
00:00:42.486, 00:01:02.430
3711, 1626, 1733, 1502, 1524, 1266, 3068, 2334
00:01:09.258, 00:01:28.522
3776, 1575, 1727, 1816, 1506, 1084, 4484, 2746
00:01:35.321, 00:01:56.535
3847, 1356, 1802, 1570, 1510, 1236, 4571, 2090
00:02:04.174, 00:02:24.656

62736
profile_test_data/1X39XX45_Googleplex_openApp_thru_navigation/s:mmm/07-30-2020--03:20:50
4790, 1460, 1597, 1641, 1485, 1222, 4481, 2094
00:00:42.787, 00:01:04.057
3610, 1259, 1719, 1672, 1503, 1249, 4489, 2454
00:01:10.758, 00:01:31.213
3838, 1025, 2390, 1434, 1490, 1143, 4645, 2584
00:01:39.060, 00:02:00.109
3781, 963, 1994, 1619, 1495, 1217, 4719, 2073
00:02:07.917, 00:02:28.278

62984
profile_test_data/1X39XX45_Googleplex_openApp_thru_navigation/s:mmmmm/07-30-2020--03:23:51
3830, 1339, 1806, 2564, 1547, 1234, 4069, 2289
00:00:41.901, 00:01:03.079
3846, 1413, 2052, 1537, 1686, 1329, 4167, 3710
00:01:10.882, 00:01:33.122
3679, 956, 1992, 1492, 2006, 1139, 5630, 2732
00:01:41.056, 00:02:03.182
3780, 958, 2112, 1622, 1509, 1184, 4690, 2075
00:02:10.960, 00:02:31.390

170904
profile_test_data/1X39XX45_Googleplex_openApp_thru_navigation/a/07-30-2020--03:26:55
3786, 1029, 2571, 1520, 1504, 1139, 4535, 2714
00:00:42.933, 00:01:04.231
3793, 1049, 1955, 1553, 1497, 1167, 4197, 3591
00:01:10.907, 00:01:32.209
3662, 941, 1958, 1507, 1279, 1341, 4079, 2714
00:01:40.264, 00:02:00.245
3746, 992, 1963, 1654, 1511, 1168, 4423, 2047
00:02:08.248, 00:02:28.252

45072
profile_test_data/1X39XX45_Googleplex_openApp_thru_navigation/e:/07-30-2020--03:30:01
4272, 1448, 1954, 1715, 1551, 1187, 4079, 3549
00:00:43.476, 00:01:05.731
4353, 1466, 2131, 1783, 1508, 1374, 4448, 2843
00:01:13.428, 00:01:35.834
4475, 993, 2399, 1745, 1573, 1187, 4430, 3147
00:01:43.378, 00:02:05.827
4236, 926, 1917, 2158, 1697, 1156, 4890, 3190
00:02:13.128, 00:02:35.798

61256
profile_test_data/1X39XX45_Googleplex_openApp_thru_navigation/e:m/07-30-2020--03:33:03
3806, 992, 2024, 1526, 1493, 1180, 4164, 2503
00:00:41.866, 00:01:02.054
3965, 1291, 1833, 1451, 1509, 1215, 4407, 3185
00:01:10.566, 00:01:31.922
3673, 961, 1682, 1924, 1521, 1158, 4578, 2142
00:01:39.898, 00:02:00.037
3715, 956, 1942, 1665, 1606, 1144, 3910, 2147
00:02:07.298, 00:02:26.883

62228
profile_test_data/1X39XX45_Googleplex_openApp_thru_navigation/e:mmm/07-30-2020--03:35:55
4813, 1277, 2082, 1639, 1494, 1181, 4534, 2044
00:00:41.725, 00:01:03.289
3773, 1280, 1745, 1515, 1497, 1276, 3617, 2353
00:01:11.541, 00:01:31.097
3783, 1385, 2243, 1566, 1480, 1272, 5043, 2856
00:01:37.974, 00:02:00.102
3816, 1058, 2074, 1514, 2011, 1147, 4800, 2234
00:02:07.862, 00:02:29.016

62416
profile_test_data/1X39XX45_Googleplex_openApp_thru_navigation/e:mmmmm/07-30-2020--03:38:51
3709, 1557, 2306, 1639, 1430, 1186, 4776, 2668
00:00:44.242, 00:01:06.013
3821, 957, 2127, 1592, 1512, 1149, 4472, 2005
00:01:13.684, 00:01:33.819
3798, 998, 2338, 1567, 1498, 1116, 4140, 2353
00:01:41.884, 00:02:02.192
4693, 1041, 2146, 1573, 1495, 1152, 3565, 2119
00:02:08.866, 00:02:29.150

53208
profile_test_data/1X39XX45_Googleplex_openApp_thru_navigation/u/07-30-2020--03:41:47
4326, 1028, 2446, 1744, 2103, 1155, 4990, 2494
00:00:42.107, 00:01:04.893
4618, 1027, 2330, 1728, 1789, 1190, 4731, 3720
00:01:12.110, 00:01:35.743
4181, 1077, 2353, 1540, 1535, 1159, 4227, 2820
00:01:43.415, 00:02:04.807
4742, 1488, 1976, 1807, 1768, 1233, 5096, 2974
00:02:12.104, 00:02:35.688

63936
profile_test_data/1X39XX45_Googleplex_openApp_thru_navigation/u:m/07-30-2020--03:44:48
4725, 1041, 2304, 1505, 1730, 1141, 4299, 2573
00:00:45.815, 00:01:07.633
3664, 1008, 2310, 1669, 1471, 1167, 4418, 3030
00:01:14.203, 00:01:35.440
3864, 1352, 2125, 2275, 1500, 1230, 4752, 2464
00:01:43.399, 00:02:05.461
4685, 1024, 1959, 1593, 1320, 1343, 5405, 2273
00:02:12.268, 00:02:34.370

64192
profile_test_data/1X39XX45_Googleplex_openApp_thru_navigation/u:mmm/07-30-2020--03:47:50
3681, 1475, 2369, 1701, 1499, 1144, 4041, 2111
00:00:42.199, 00:01:02.720
3715, 1079, 2124, 1830, 1474, 1166, 4374, 2194
00:01:10.125, 00:01:30.581
4301, 1028, 2093, 1896, 1503, 1152, 4370, 2398
00:01:38.274, 00:01:59.515
3725, 1043, 2219, 1859, 1522, 1162, 4541, 2782
00:02:07.198, 00:02:28.551

64264
profile_test_data/1X39XX45_Googleplex_openApp_thru_navigation/u:mmmmm/07-30-2020--03:50:46
4116, 1258, 2168, 1860, 1889, 1198, 4741, 3003
00:00:43.915, 00:01:06.648
3683, 974, 2128, 1749, 1504, 1172, 5186, 2581
00:01:12.987, 00:01:34.464
4809, 1040, 1921, 2297, 1508, 1186, 5059, 2216
00:01:40.952, 00:02:03.488
4896, 1023, 2114, 1893, 1509, 1122, 5005, 2229
00:02:10.130, 00:02:32.421

59528
profile_test_data/1X39XX45_Googleplex_openApp_thru_navigation/s/07-30-2020--03:53:49
3857, 1409, 2099, 1843, 1557, 1657, 4531, 2313
00:00:43.900, 00:01:05.666
4012, 1312, 1846, 1751, 1493, 1258, 3521, 2596
00:01:13.307, 00:01:33.596
4913, 1785, 2009, 1796, 1250, 1417, 4328, 2827
00:01:40.999, 00:02:03.824
4068, 1126, 2114, 2042, 1517, 1300, 4141, 2349
00:02:11.470, 00:02:32.627

61996
profile_test_data/1X39XX45_Googleplex_openApp_thru_navigation/s:m/07-30-2020--03:56:55
3945, 1059, 2197, 1733, 2019, 1148, 4810, 2053
00:00:44.799, 00:01:06.263
3822, 1389, 1979, 2287, 1495, 1306, 4089, 2580
00:01:13.570, 00:01:35.017
3853, 1277, 1830, 1926, 1493, 1262, 4787, 2501
00:01:41.578, 00:02:03.007
3741, 1254, 1904, 1753, 1510, 1194, 4646, 2192
00:02:10.503, 00:02:31.197

62736
profile_test_data/1X39XX45_Googleplex_openApp_thru_navigation/s:mmm/07-30-2020--03:59:52
3689, 1539, 2350, 1581, 1722, 1265, 4224, 2562
00:00:41.337, 00:01:02.769
4274, 1292, 1851, 2631, 1471, 1208, 4104, 2284
00:01:10.020, 00:01:31.635
3693, 1057, 2179, 1742, 1530, 1179, 4796, 2091
00:01:39.081, 00:01:59.848
4107, 925, 2201, 2643, 1505, 1207, 4599, 2551
00:02:07.413, 00:02:29.651

62984
profile_test_data/1X39XX45_Googleplex_openApp_thru_navigation/s:mmmmm/07-30-2020--04:02:48
3657, 1025, 2680, 1675, 1509, 1166, 4775, 2246
00:00:42.403, 00:01:03.636
3661, 1008, 2320, 2260, 1512, 1381, 5324, 2211
00:01:10.454, 00:01:32.631
3673, 1327, 2116, 1548, 1532, 1386, 4620, 2479
00:01:40.552, 00:02:01.733
3825, 1010, 2242, 1734, 1485, 1227, 4487, 2469
00:02:08.750, 00:02:29.729

170904
profile_test_data/1X39XX45_Googleplex_openApp_thru_navigation/a/07-30-2020--04:05:50
3989, 1375, 1858, 1580, 1493, 1241, 4602, 2242
00:00:41.857, 00:01:02.737
3797, 1393, 1837, 1784, 1500, 1244, 4735, 2528
00:01:09.498, 00:01:30.816
3793, 1095, 2387, 1420, 1671, 1174, 5133, 2063
00:01:38.776, 00:02:00.012
4742, 1326, 1679, 1676, 1290, 1396, 3801, 2047
00:02:07.548, 00:02:28.005

45072
profile_test_data/1X39XX45_Googleplex_openApp_thru_navigation/e:/07-30-2020--04:08:50
4327, 1552, 1953, 1714, 1851, 1214, 4641, 3016
00:00:42.716, 00:01:05.484
4289, 1510, 2092, 2012, 1528, 1318, 5382, 2768
00:01:13.094, 00:01:36.493
4435, 1176, 2591, 2038, 1539, 1262, 4711, 3382
00:01:43.766, 00:02:07.400
4384, 1605, 2564, 1883, 1512, 1301, 4548, 3061
00:02:15.171, 00:02:38.529

61256
profile_test_data/1X39XX45_Googleplex_openApp_thru_navigation/e:m/07-30-2020--04:11:51
3746, 1355, 1902, 2098, 1534, 1199, 4774, 2235
00:00:41.098, 00:01:02.441
4167, 1336, 1919, 1899, 1503, 1233, 5146, 2957
00:01:09.866, 00:01:32.526
4938, 1008, 2226, 1677, 1429, 1151, 4349, 2183
00:01:38.859, 00:02:00.320
3790, 1353, 1930, 1731, 1521, 1179, 5184, 2111
00:02:07.021, 00:02:28.320

62228
profile_test_data/1X39XX45_Googleplex_openApp_thru_navigation/e:mmm/07-30-2020--04:14:54
4122, 1398, 1941, 1880, 1500, 1234, 4608, 2435
00:00:43.232, 00:01:04.850
3897, 1352, 1809, 1869, 1507, 1238, 4637, 2514
00:01:11.520, 00:01:32.843
4077, 944, 2165, 1915, 1485, 1161, 4222, 2759
00:01:40.640, 00:02:01.868
3905, 1023, 2199, 1895, 1450, 1118, 4876, 2470
00:02:09.604, 00:02:31.040

62416
profile_test_data/1X39XX45_Googleplex_openApp_thru_navigation/e:mmmmm/07-30-2020--04:17:56
3670, 941, 2333, 1875, 1467, 1120, 4532, 2465
00:00:42.904, 00:01:03.807
3758, 926, 1997, 1989, 1494, 1147, 5141, 2411
00:01:11.446, 00:01:32.809
3883, 1289, 1791, 1887, 1506, 1231, 4104, 2150
00:01:40.500, 00:02:00.841
3816, 1007, 1948, 1889, 1478, 1182, 4911, 2515
00:02:08.551, 00:02:29.797

53208
profile_test_data/1X39XX45_Googleplex_openApp_thru_navigation/u/07-30-2020--04:21:01
4125, 1478, 1940, 2715, 1506, 1233, 5044, 3165
00:00:43.976, 00:01:07.682
5098, 925, 2392, 2747, 1545, 1159, 4517, 2520
00:01:14.246, 00:01:37.649
4516, 1410, 1828, 1782, 1535, 1305, 4277, 2480
00:01:45.007, 00:02:06.640
4824, 1370, 1489, 3148, 1488, 1229, 4481, 3037
00:02:15.096, 00:02:38.662

63936
profile_test_data/1X39XX45_Googleplex_openApp_thru_navigation/u:m/07-30-2020--04:24:08
4104, 1012, 2236, 1783, 1511, 1126, 4609, 2750
00:00:42.008, 00:01:03.639
4285, 1384, 1749, 2750, 1467, 1165, 4361, 2085
00:01:12.034, 00:01:33.780
3846, 1094, 2313, 1640, 1509, 1140, 4270, 2334
00:01:41.131, 00:02:01.777
3750, 1365, 2528, 1575, 1305, 1484, 3673, 2269
00:02:09.351, 00:02:29.800

64192
profile_test_data/1X39XX45_Googleplex_openApp_thru_navigation/u:mmm/07-30-2020--04:27:06
3633, 959, 2064, 1751, 1516, 1148, 4203, 2147
00:00:42.517, 00:01:02.438
3734, 1030, 2359, 1646, 1521, 1155, 3778, 2574
00:01:09.090, 00:01:29.387
3802, 1362, 1778, 1582, 1498, 1233, 4100, 2436
00:01:37.059, 00:01:57.350
4076, 1272, 1912, 1571, 1501, 1241, 3866, 2428
00:02:05.008, 00:02:25.375

64264
profile_test_data/1X39XX45_Googleplex_openApp_thru_navigation/u:mmmmm/07-30-2020--04:30:00
3610, 1329, 1756, 1927, 1509, 1231, 4895, 2192
00:00:42.623, 00:01:03.572
4768, 1072, 2227, 1768, 1501, 1178, 4527, 2007
00:01:11.127, 00:01:32.675
3754, 1010, 2226, 1676, 1526, 1152, 5138, 2870
00:01:39.893, 00:02:01.745
4636, 991, 2616, 2278, 1509, 1177, 4486, 2132
00:02:09.388, 00:02:31.713

59528
profile_test_data/1X39XX45_Googleplex_openApp_thru_navigation/s/07-30-2020--04:33:01
3838, 1389, 2015, 1845, 1508, 1242, 4547, 2596
00:00:44.089, 00:01:05.569
3795, 1013, 2281, 1958, 1850, 1115, 4846, 2156
00:01:12.064, 00:01:33.578
4000, 1029, 2315, 2012, 1533, 1195, 4201, 2801
00:01:40.806, 00:02:02.392
3760, 1060, 2565, 1959, 1521, 1166, 3898, 2895
00:02:10.089, 00:02:31.413

61996
profile_test_data/1X39XX45_Googleplex_openApp_thru_navigation/s:m/07-30-2020--04:36:05
3686, 1030, 2119, 1706, 1499, 1170, 4717, 2065
00:00:42.655, 00:01:03.147
4691, 977, 1995, 1891, 1506, 1117, 6246, 2096
00:01:11.009, 00:01:34.028
4142, 1371, 1768, 1912, 1704, 1317, 5085, 2707
00:01:41.462, 00:02:03.968
4151, 1325, 1934, 1698, 1265, 1471, 4518, 2701
00:02:11.589, 00:02:33.152

62736
profile_test_data/1X39XX45_Googleplex_openApp_thru_navigation/s:mmm/07-30-2020--04:39:11
3763, 1044, 2339, 1773, 1483, 1170, 5323, 2415
00:00:42.966, 00:01:04.776
3589, 995, 2246, 1727, 1484, 1116, 4442, 2847
00:01:12.847, 00:01:33.793
3868, 979, 2243, 1934, 1517, 1145, 3975, 2109
00:01:41.468, 00:02:01.738
3628, 1357, 1847, 2630, 1507, 1261, 4393, 2217
00:02:08.413, 00:02:29.753

62984
profile_test_data/1X39XX45_Googleplex_openApp_thru_navigation/s:mmmmm/07-30-2020--04:42:09
3657, 1077, 2085, 2657, 1485, 1173, 4081, 2618
00:00:43.565, 00:01:04.898
3716, 1004, 2248, 1768, 1488, 1279, 5146, 1956
00:01:12.862, 00:01:33.967
3839, 1366, 1978, 2290, 1509, 1260, 4627, 2078
00:01:41.538, 00:02:02.985
3698, 1336, 1709, 1663, 1513, 1274, 4780, 3770
00:02:09.647, 00:02:31.890

170904
profile_test_data/1X39XX45_Googleplex_openApp_thru_navigation/a/07-30-2020--04:45:10
3733, 1942, 2134, 1505, 1510, 1148, 3686, 2642
00:00:43.293, 00:01:04.093
4315, 1302, 1749, 1714, 1489, 1174, 4989, 2630
00:01:12.279, 00:01:34.141
3927, 1040, 1972, 1614, 1494, 1133, 5684, 2048
00:01:40.728, 00:02:02.140
3805, 1007, 1998, 1597, 1466, 1168, 4012, 1931
00:02:08.836, 00:02:28.320

45072
profile_test_data/1X39XX45_Googleplex_openApp_thru_navigation/e:/07-30-2020--04:48:12
4396, 1060, 2408, 1810, 1518, 1152, 4940, 2433
00:00:43.745, 00:01:05.962
4363, 1588, 1837, 1795, 1703, 1307, 4854, 3122
00:01:13.887, 00:01:36.956
4545, 1553, 2282, 1418, 1905, 1336, 4429, 2749
00:01:44.252, 00:02:06.969
4261, 992, 2618, 1768, 1464, 1205, 4681, 3231
00:02:14.338, 00:02:37.058

61256
profile_test_data/1X39XX45_Googleplex_openApp_thru_navigation/e:m/07-30-2020--04:51:12
3680, 1444, 1814, 1626, 1692, 1275, 4409, 2700
00:00:41.087, 00:01:02.227
3914, 1351, 2397, 1781, 1512, 1193, 3542, 2063
00:01:10.181, 00:01:30.434
3695, 1060, 2370, 1976, 1485, 1140, 4762, 2609
00:01:37.827, 00:01:59.424
3686, 1359, 2344, 1901, 1487, 1161, 5216, 2796
00:02:07.725, 00:02:30.175

62228
profile_test_data/1X39XX45_Googleplex_openApp_thru_navigation/e:mmm/07-30-2020--04:54:15
3530, 1860, 1817, 1724, 1489, 1199, 6018, 1903
00:00:41.875, 00:01:03.915
3675, 1393, 1898, 1772, 1476, 1298, 4315, 2509
00:01:12.037, 00:01:32.873
4090, 1028, 2153, 1730, 2013, 1203, 3401, 2398
00:01:39.384, 00:01:59.900
3793, 1285, 1454, 2270, 1511, 1192, 4912, 2480
00:02:07.569, 00:02:28.966

62416
profile_test_data/1X39XX45_Googleplex_openApp_thru_navigation/e:mmmmm/07-30-2020--04:57:21
3726, 1368, 1790, 1819, 1494, 1213, 4522, 2804
00:00:43.413, 00:01:04.649
3867, 1516, 1911, 2136, 1489, 1249, 4316, 2114
00:01:11.727, 00:01:32.825
3922, 1360, 2089, 1485, 1684, 1204, 5140, 2304
00:01:39.936, 00:02:01.624
4047, 1336, 2272, 2258, 1494, 1222, 4970, 2225
00:02:09.246, 00:02:31.570

53208
profile_test_data/1X39XX45_Googleplex_openApp_thru_navigation/u/07-30-2020--05:00:22
4112, 1368, 2073, 1803, 1530, 1304, 4801, 3104
00:00:44.491, 00:01:07.086
4299, 1011, 2383, 1784, 1554, 1198, 4311, 2542
00:01:13.655, 00:01:35.237
4258, 1328, 2046, 1792, 1539, 1244, 4693, 2410
00:01:42.471, 00:02:04.281
4399, 1064, 2468, 2713, 1542, 1150, 3943, 2962
00:02:11.463, 00:02:34.204

63936
profile_test_data/1X39XX45_Googleplex_openApp_thru_navigation/u:m/07-30-2020--05:03:25
3734, 959, 2257, 1707, 1516, 1163, 4900, 2457
00:00:42.771, 00:01:03.964
4033, 1314, 1988, 2466, 1525, 1216, 4784, 2136
00:01:12.075, 00:01:34.037
4000, 1009, 2110, 2632, 1557, 1154, 4803, 2813
00:01:41.407, 00:02:03.985
4579, 1313, 2208, 2098, 1772, 1229, 4854, 2751
00:02:11.657, 00:02:34.961

64192
profile_test_data/1X39XX45_Googleplex_openApp_thru_navigation/u:mmm/07-30-2020--05:06:27
3765, 1059, 2101, 1712, 1483, 1141, 4796, 2309
00:00:42.094, 00:01:02.960
3821, 1354, 1790, 1857, 1687, 1307, 4826, 1977
00:01:10.066, 00:01:31.185
3728, 1248, 2430, 1737, 1492, 1261, 4728, 2619
00:01:39.460, 00:02:01.203
4697, 1009, 2827, 1750, 1525, 1196, 4210, 2169
00:02:08.300, 00:02:30.183

64264
profile_test_data/1X39XX45_Googleplex_openApp_thru_navigation/u:mmmmm/07-30-2020--05:09:23
3786, 1354, 1767, 1778, 1472, 1198, 3928, 2672
00:00:42.212, 00:01:02.667
3716, 1041, 2091, 1715, 1506, 1155, 4854, 2731
00:01:09.165, 00:01:30.474
3886, 1304, 1808, 1759, 1338, 1419, 4458, 2147
00:01:36.887, 00:01:57.506
3937, 959, 2080, 1762, 1536, 1211, 5333, 2160
00:02:04.915, 00:02:26.393

59528
profile_test_data/1X39XX45_Googleplex_openApp_thru_navigation/s/07-30-2020--05:12:16
4791, 1303, 1937, 1679, 1502, 1185, 4521, 2257
00:00:43.802, 00:01:05.477
3849, 1059, 2176, 1748, 1523, 1147, 5192, 2618
00:01:12.718, 00:01:34.530
3797, 1395, 1799, 1804, 1496, 1261, 4349, 2599
00:01:41.458, 00:02:02.458
3812, 1346, 1799, 1832, 1515, 1197, 4728, 2909
00:02:09.765, 00:02:31.403

61996
profile_test_data/1X39XX45_Googleplex_openApp_thru_navigation/s:m/07-30-2020--05:15:20
3680, 1288, 1918, 1642, 1724, 1270, 4155, 2104
00:00:44.112, 00:01:04.393
3729, 958, 2152, 1853, 1541, 1153, 4278, 2101
00:01:11.110, 00:01:31.375
3656, 1025, 2238, 1788, 1506, 1147, 4498, 2077
00:01:38.182, 00:01:58.617
3860, 1270, 1766, 1703, 1517, 1036, 4674, 2140
00:02:05.958, 00:02:26.424

62736
profile_test_data/1X39XX45_Googleplex_openApp_thru_navigation/s:mmm/07-30-2020--05:18:11
4761, 1011, 2268, 2222, 1491, 1317, 4616, 2090
00:00:43.008, 00:01:05.284
3786, 1010, 2306, 1649, 1891, 1145, 3770, 2372
00:01:12.703, 00:01:33.132
3801, 993, 2327, 1704, 1463, 1124, 3694, 1874
00:01:40.817, 00:02:00.297
3714, 1030, 2611, 1723, 1458, 1150, 4571, 2041
00:02:07.514, 00:02:28.312

62984
profile_test_data/1X39XX45_Googleplex_openApp_thru_navigation/s:mmmmm/07-30-2020--05:21:06
3767, 1332, 1751, 1795, 1526, 1240, 4179, 2180
00:00:43.578, 00:01:03.848
3711, 1298, 2048, 1587, 1509, 1256, 4639, 2574
00:01:10.768, 00:01:31.890
3725, 958, 2066, 1803, 1860, 1150, 3932, 2103
00:01:39.843, 00:01:59.940
3665, 1044, 2221, 1673, 1517, 1202, 4661, 2162
00:02:07.366, 00:02:28.011

170904
profile_test_data/1X39XX45_Googleplex_openApp_thru_navigation/a/07-30-2020--05:24:09
3854, 1325, 1957, 1705, 1888, 1260, 4530, 2411
00:00:42.120, 00:01:03.550
4807, 1270, 1875, 1679, 1482, 1181, 4506, 2717
00:01:10.685, 00:01:32.702
4821, 1286, 1826, 1571, 1505, 1055, 5128, 2623
00:01:40.363, 00:02:02.678
3764, 1575, 1850, 1666, 1511, 1247, 4220, 2217
00:02:09.026, 00:02:29.576

45072
profile_test_data/1X39XX45_Googleplex_openApp_thru_navigation/e:/07-30-2020--05:27:24
4292, 1353, 1963, 1773, 1533, 1255, 4835, 3105
00:00:44.407, 00:01:07.016
5607, 1024, 2513, 1836, 1467, 1191, 4640, 3238
00:01:15.041, 00:01:39.057
4605, 1027, 2470, 1852, 1596, 1233, 4211, 2932
00:01:45.715, 00:02:08.141
4917, 1494, 1901, 1979, 1566, 1307, 4603, 3385
00:02:15.362, 00:02:39.014

61256
profile_test_data/1X39XX45_Googleplex_openApp_thru_navigation/e:m/07-30-2020--05:30:26
3682, 942, 2061, 1727, 1491, 1146, 4410, 2213
00:00:41.901, 00:01:02.073
3702, 1027, 2147, 1725, 1520, 1178, 4649, 2456
00:01:09.257, 00:01:30.161
4780, 977, 2062, 1896, 1707, 1153, 3481, 2060
00:01:36.617, 00:01:57.233
3789, 1333, 1724, 1459, 1704, 1222, 4634, 2233
00:02:03.749, 00:02:24.347

62228
profile_test_data/1X39XX45_Googleplex_openApp_thru_navigation/e:mmm/07-30-2020--05:33:20
3698, 925, 2156, 1817, 1509, 1193, 4008, 2232
00:00:42.678, 00:01:02.716
3640, 1300, 2048, 1680, 1494, 1266, 4321, 2311
00:01:10.143, 00:01:30.703
3718, 991, 2407, 2819, 1510, 1195, 4369, 2150
00:01:37.187, 00:01:58.846
4250, 1011, 2204, 1682, 1309, 1362, 4610, 2716
00:02:06.003, 00:02:27.647

62416
profile_test_data/1X39XX45_Googleplex_openApp_thru_navigation/e:mmmmm/07-30-2020--05:36:15
4764, 1339, 2123, 1638, 1518, 1153, 3969, 2119
00:00:42.100, 00:01:03.223
4658, 959, 2289, 1720, 1484, 1121, 4672, 2089
00:01:09.928, 00:01:31.420
4931, 943, 2098, 1684, 1498, 1155, 4325, 2394
00:01:38.730, 00:02:00.258
3816, 1343, 1808, 1847, 1491, 1219, 4720, 1784
00:02:07.921, 00:02:28.449

53208
profile_test_data/1X39XX45_Googleplex_openApp_thru_navigation/u/07-30-2020--05:39:15
4116, 1453, 2075, 1744, 1510, 1207, 4141, 2104
00:00:42.709, 00:01:03.559
4247, 1397, 2262, 1780, 1534, 1304, 4588, 2069
00:01:10.168, 00:01:31.849
4494, 1432, 1919, 1726, 1588, 1257, 5071, 1776
00:01:40.035, 00:02:01.798
4256, 1397, 1919, 1793, 1497, 1288, 5552, 2497
00:02:09.063, 00:02:31.762

63936
profile_test_data/1X39XX45_Googleplex_openApp_thru_navigation/u:m/07-30-2020--05:42:21
3707, 993, 2310, 1648, 1473, 1197, 4538, 1625
00:00:44.359, 00:01:04.350
3652, 1024, 2100, 1890, 1510, 1133, 4991, 1810
00:01:11.936, 00:01:32.546
3811, 1372, 1781, 1940, 1296, 1472, 5712, 1765
00:01:39.906, 00:02:01.555
3738, 1006, 2409, 1403, 1691, 1128, 4457, 2024
00:02:08.100, 00:02:28.456

64192
profile_test_data/1X39XX45_Googleplex_openApp_thru_navigation/u:mmm/07-30-2020--05:45:17
4689, 1350, 1697, 1586, 1504, 1214, 4073, 1749
00:00:43.589, 00:01:03.951
4729, 1380, 1975, 1694, 1509, 1150, 4419, 1835
00:01:11.798, 00:01:32.989
3791, 1294, 1715, 1774, 1665, 1245, 4589, 2005
00:01:39.330, 00:01:59.908
3659, 959, 1929, 1873, 1506, 1135, 4844, 2175
00:02:06.300, 00:02:26.880

64264
profile_test_data/1X39XX45_Googleplex_openApp_thru_navigation/u:mmmmm/07-30-2020--05:48:11
3672, 923, 1980, 1911, 1507, 1150, 4393, 2338
00:00:43.052, 00:01:03.426
3773, 1044, 2218, 1811, 1531, 1203, 5748, 1696
00:01:10.844, 00:01:32.368
3891, 1344, 1934, 1689, 1958, 1230, 3839, 2170
00:01:39.891, 00:02:00.446
3991, 976, 2143, 1723, 1533, 1150, 4499, 1972
00:02:06.949, 00:02:27.436

59528
profile_test_data/1X39XX45_Googleplex_openApp_thru_navigation/s/07-30-2020--05:51:06
3821, 1343, 1931, 1855, 1525, 1248, 4236, 1816
00:00:42.354, 00:01:02.629
4790, 1320, 1798, 1777, 1308, 1468, 4188, 2384
00:01:09.166, 00:01:30.699
3941, 1009, 2222, 1758, 1482, 1152, 4367, 2040
00:01:37.135, 00:01:57.606
4080, 994, 2388, 1636, 1539, 1148, 4324, 2053
00:02:04.149, 00:02:24.811

61996
profile_test_data/1X39XX45_Googleplex_openApp_thru_navigation/s:m/07-30-2020--05:54:04
3737, 1298, 1997, 1573, 1737, 1196, 3968, 2172
00:00:41.739, 00:01:01.917
3809, 958, 2094, 1590, 1531, 1174, 4361, 1798
00:01:09.254, 00:01:29.069
4252, 1409, 2074, 1563, 1989, 1263, 3913, 1967
00:01:37.107, 00:01:58.037
3811, 1330, 2317, 2174, 1316, 1540, 4025, 1744
00:02:05.264, 00:02:26.021

62736
profile_test_data/1X39XX45_Googleplex_openApp_thru_navigation/s:mmm/07-30-2020--05:57:15
3681, 1011, 2726, 1720, 1517, 1171, 4336, 1505
00:00:43.028, 00:01:03.195
3622, 1062, 2388, 1663, 1526, 1200, 4427, 2168
00:01:10.448, 00:01:31.004
3897, 1362, 1896, 1825, 1506, 1215, 4401, 1546
00:01:39.010, 00:01:59.158
3672, 1329, 1861, 1706, 1526, 1418, 4662, 1851
00:02:06.602, 00:02:27.127

62984
profile_test_data/1X39XX45_Googleplex_openApp_thru_navigation/s:mmmmm/07-30-2020--06:00:15
3623, 1250, 1966, 1880, 1484, 1270, 4335, 1834
00:00:43.895, 00:01:04.037
3845, 931, 2365, 2149, 1496, 1513, 4012, 2212
00:01:11.886, 00:01:32.909
3568, 1335, 1825, 1890, 1539, 1289, 4183, 1555
00:01:39.459, 00:01:59.143
3710, 1058, 2134, 1696, 1518, 1173, 4596, 2255
00:02:06.291, 00:02:26.931

170904
profile_test_data/1X39XX45_Googleplex_openApp_thru_navigation/a/07-30-2020--06:03:12
3728, 1262, 1802, 1852, 1505, 1201, 4244, 2120
00:00:43.535, 00:01:03.749
3917, 1011, 2026, 1841, 1495, 1236, 4295, 2237
00:01:11.222, 00:01:31.780
3803, 1008, 1929, 1893, 1494, 1142, 3829, 1981
00:01:38.176, 00:01:57.755
3666, 1332, 1556, 1755, 1494, 1248, 4363, 1756
00:02:04.345, 00:02:24.015

45072
profile_test_data/1X39XX45_Googleplex_openApp_thru_navigation/e:/07-30-2020--06:06:06
4268, 1031, 2350, 1783, 1352, 1325, 4426, 2607
00:00:43.130, 00:01:04.772
4221, 1458, 2004, 1980, 1568, 1349, 4107, 2489
00:01:11.089, 00:01:32.765
4540, 1571, 2061, 1636, 2294, 1509, 4093, 2291
00:01:40.212, 00:02:02.707
4592, 1567, 2067, 2158, 1634, 1286, 4137, 2054
00:02:10.912, 00:02:32.907

61256
profile_test_data/1X39XX45_Googleplex_openApp_thru_navigation/e:m/07-30-2020--06:09:05
5039, 1325, 1964, 1695, 1505, 1186, 4321, 2064
00:00:41.212, 00:01:02.811
3726, 1144, 2127, 1690, 1490, 1119, 4849, 2465
00:01:09.642, 00:01:30.752
3939, 1027, 2077, 1848, 1488, 1156, 4281, 2267
00:01:38.182, 00:01:58.765
4797, 1019, 2148, 1712, 1484, 1141, 4398, 2357
00:02:06.217, 00:02:27.773

62228
profile_test_data/1X39XX45_Googleplex_openApp_thru_navigation/e:mmm/07-30-2020--06:12:01
3793, 1043, 2198, 1677, 1529, 1143, 4385, 1866
00:00:43.694, 00:01:03.828
3802, 1378, 1883, 1746, 1842, 1241, 5064, 1936
00:01:11.279, 00:01:32.671
3886, 1059, 2369, 1574, 1520, 1185, 4209, 1897
00:01:40.650, 00:02:00.849
4690, 1330, 1782, 1822, 1874, 1204, 3564, 2328
00:02:07.720, 00:02:28.814

62416
profile_test_data/1X39XX45_Googleplex_openApp_thru_navigation/e:mmmmm/07-30-2020--06:15:03
4735, 1335, 1659, 2749, 1516, 1284, 4050, 1814
00:00:42.509, 00:01:04.151
4636, 976, 2177, 1517, 1697, 1135, 4441, 1856
00:01:10.956, 00:01:31.891
3708, 1059, 2246, 1642, 1523, 1146, 4871, 1692
00:01:38.634, 00:01:59.021
3561, 974, 2262, 1789, 1480, 1149, 4510, 1792
00:02:06.112, 00:02:26.129

53208
profile_test_data/1X39XX45_Googleplex_openApp_thru_navigation/u/07-30-2020--06:18:03
4100, 1390, 2018, 1671, 1562, 1249, 4660, 2209
00:00:45.519, 00:01:06.878
4140, 1468, 2121, 1784, 1532, 1203, 4332, 2294
00:01:13.489, 00:01:34.863
4376, 1026, 2538, 1702, 1551, 1214, 4171, 2214
00:01:41.675, 00:02:02.967
4400, 1529, 1996, 1660, 1763, 1388, 4259, 2162
00:02:10.334, 00:02:31.991

63936
profile_test_data/1X39XX45_Googleplex_openApp_thru_navigation/u:m/07-30-2020--06:21:05
4688, 1076, 2283, 1700, 1511, 1122, 3971, 1770
00:00:42.832, 00:01:03.453
3728, 924, 2095, 1754, 1500, 1211, 4771, 1730
00:01:11.314, 00:01:31.527
3906, 1250, 1678, 1695, 1515, 1201, 4183, 1828
00:01:38.848, 00:01:58.604
3669, 973, 2468, 1511, 1692, 1145, 4590, 1621
00:02:06.338, 00:02:26.507

64192
profile_test_data/1X39XX45_Googleplex_openApp_thru_navigation/u:mmm/07-30-2020--06:24:06
3766, 974, 2221, 2315, 1483, 1197, 4461, 1549
00:00:42.054, 00:01:02.520
4777, 992, 1959, 1563, 1505, 1146, 4677, 2515
00:01:09.797, 00:01:31.431
3787, 1402, 1827, 1552, 1359, 1383, 3967, 1916
00:01:37.813, 00:01:57.506
4174, 990, 2243, 1699, 1307, 1363, 4190, 1691
00:02:04.453, 00:02:24.610

64264
profile_test_data/1X39XX45_Googleplex_openApp_thru_navigation/u:mmmmm/07-30-2020--06:27:02
3715, 1091, 2108, 1593, 1514, 1223, 4075, 1776
00:00:41.419, 00:01:01.014
3654, 1039, 2733, 1579, 1466, 1154, 4060, 1994
00:01:07.703, 00:01:27.882
3649, 990, 2228, 1686, 1329, 1379, 3886, 1953
00:01:34.257, 00:01:53.857
3704, 1373, 1736, 1825, 1505, 1253, 3711, 1543
00:02:00.859, 00:02:20.009

59528
profile_test_data/1X39XX45_Googleplex_openApp_thru_navigation/s/07-30-2020--06:29:47
3790, 1355, 2114, 1881, 1538, 1256, 4169, 1803
00:00:43.078, 00:01:03.484
3824, 1007, 2282, 1790, 1513, 1163, 4801, 1631
00:01:10.991, 00:01:31.502
3895, 977, 2271, 1823, 1502, 1160, 4263, 1994
00:01:39.178, 00:01:59.563
3733, 1027, 2189, 1786, 1531, 1310, 4830, 2572
00:02:05.907, 00:02:27.385

61996
profile_test_data/1X39XX45_Googleplex_openApp_thru_navigation/s:m/07-30-2020--06:32:44
3727, 1298, 1811, 1686, 1516, 1263, 4469, 2415
00:00:41.766, 00:01:02.451
3743, 1010, 2127, 1648, 1670, 1167, 4988, 1797
00:01:08.933, 00:01:29.583
4765, 1353, 1660, 1777, 1498, 1177, 3841, 1841
00:01:35.944, 00:01:56.356
3718, 1027, 2233, 1603, 1508, 1153, 5024, 1610
00:02:02.880, 00:02:23.256

62736
profile_test_data/1X39XX45_Googleplex_openApp_thru_navigation/s:mmm/07-30-2020--06:35:34
3772, 1404, 2058, 2375, 1504, 1240, 4060, 2423
00:00:42.931, 00:01:04.267
3880, 1073, 2282, 1689, 1451, 1174, 4640, 1906
00:01:11.923, 00:01:32.518
3746, 909, 1900, 2201, 1460, 1152, 4319, 2266
00:01:39.813, 00:02:00.266
3909, 1308, 1979, 1677, 1490, 1176, 4254, 1928
00:02:08.074, 00:02:28.295

62984
profile_test_data/1X39XX45_Googleplex_openApp_thru_navigation/s:mmmmm/07-30-2020--06:38:28
3790, 1298, 1940, 1674, 1472, 1153, 4461, 1856
00:00:43.094, 00:01:03.238
3645, 1035, 2113, 1518, 1485, 1124, 4436, 2128
00:01:10.191, 00:01:30.175
3644, 1346, 1764, 1613, 1300, 1398, 3893, 2090
00:01:37.648, 00:01:57.196
3651, 1315, 1819, 1626, 1480, 1544, 4844, 1767
00:02:03.760, 00:02:24.306

170904
profile_test_data/1X39XX45_Googleplex_openApp_thru_navigation/a/07-30-2020--06:41:24
3659, 1272, 1775, 1550, 1510, 1312, 4668, 2044
00:00:42.106, 00:01:02.396
4227, 1297, 1795, 1509, 1488, 1277, 4810, 1774
00:01:09.864, 00:01:30.541
3933, 992, 2161, 1531, 1485, 1138, 4300, 1611
00:01:36.910, 00:01:56.561
3791, 990, 2005, 1559, 1482, 1152, 4451, 1591
00:02:03.078, 00:02:22.599

45072
profile_test_data/1X39XX45_Googleplex_openApp_thru_navigation/e:/07-30-2020--06:44:22
4364, 1062, 2464, 1718, 1529, 1055, 4269, 2625
00:00:43.307, 00:01:04.893
4347, 1471, 1879, 1804, 1800, 1259, 4302, 2399
00:01:12.143, 00:01:33.904
4230, 1480, 2085, 1418, 1874, 1070, 4662, 2216
00:01:40.609, 00:02:02.144
4254, 1376, 1968, 1712, 1554, 1495, 4953, 2446
00:02:08.635, 00:02:30.893

61256
profile_test_data/1X39XX45_Googleplex_openApp_thru_navigation/e:m/07-30-2020--06:47:16
3797, 1060, 2037, 1639, 1517, 1151, 4612, 2300
00:00:42.728, 00:01:03.341
4768, 1390, 1813, 1488, 1494, 1276, 4434, 1600
00:01:09.811, 00:01:30.574
3827, 1292, 2106, 1576, 1531, 1129, 3671, 2005
00:01:37.701, 00:01:57.338
3778, 1362, 2004, 1554, 1520, 1217, 4463, 2348
00:02:03.770, 00:02:24.516

62228
profile_test_data/1X39XX45_Googleplex_openApp_thru_navigation/e:mmm/07-30-2020--06:50:15
3704, 953, 2247, 1775, 1462, 1182, 4320, 1945
00:00:44.718, 00:01:04.806
3699, 993, 2120, 1815, 1443, 1245, 4620, 2044
00:01:11.352, 00:01:31.831
3940, 1042, 2467, 1744, 1503, 1165, 4003, 2179
00:01:39.242, 00:01:59.785
3714, 1344, 1942, 1494, 1723, 1266, 4071, 1569
00:02:07.298, 00:02:26.921

62416
profile_test_data/1X39XX45_Googleplex_openApp_thru_navigation/e:mmmmm/07-30-2020--06:53:10
3681, 1351, 1801, 1815, 1501, 1221, 5116, 2023
00:00:42.756, 00:01:03.765
4749, 1421, 1918, 1651, 1399, 1252, 4399, 2264
00:01:10.189, 00:01:31.742
3875, 1286, 2075, 1911, 1500, 1183, 4248, 1873
00:01:39.295, 00:01:59.746
3820, 1362, 1902, 1779, 1478, 1058, 4791, 1899
00:02:07.341, 00:02:27.930

53208
profile_test_data/1X39XX45_Googleplex_openApp_thru_navigation/u/07-30-2020--06:56:04
4185, 1443, 1795, 1760, 1542, 1226, 5262, 2434
00:00:42.736, 00:01:04.883
4190, 1011, 2449, 1775, 1497, 1140, 4636, 2773
00:01:12.938, 00:01:34.909
4110, 1553, 2043, 1814, 1483, 1243, 4185, 2015
00:01:43.099, 00:02:04.045
4092, 1443, 2071, 1804, 1509, 1248, 4565, 2354
00:02:11.323, 00:02:32.909

63936
profile_test_data/1X39XX45_Googleplex_openApp_thru_navigation/u:m/07-30-2020--06:59:01
3751, 1026, 2172, 1743, 1483, 1150, 4450, 1962
00:00:42.889, 00:01:03.126
3646, 1077, 2456, 1734, 1524, 1149, 4615, 1854
00:01:09.632, 00:01:30.187
4692, 1009, 2306, 1947, 1514, 1357, 4562, 1673
00:01:36.782, 00:01:58.342
3953, 1022, 2103, 1765, 1477, 1123, 4116, 2196
00:02:05.830, 00:02:26.085

64192
profile_test_data/1X39XX45_Googleplex_openApp_thru_navigation/u:mmm/07-30-2020--07:01:53
4042, 1319, 1822, 1758, 1510, 1198, 4510, 2133
00:00:42.366, 00:01:03.158
3923, 1345, 1892, 1714, 1538, 1451, 4536, 1734
00:01:10.761, 00:01:31.394
4646, 1883, 1871, 1729, 1472, 1281, 4074, 1849
00:01:37.972, 00:01:59.277
4144, 1013, 2125, 1729, 1304, 1350, 4632, 1778
00:02:05.801, 00:02:26.376

64264
profile_test_data/1X39XX45_Googleplex_openApp_thru_navigation/u:mmmmm/07-30-2020--07:04:49
3698, 1345, 2345, 1712, 1514, 1240, 3559, 2208
00:00:42.445, 00:01:02.566
3650, 1077, 2231, 1685, 1481, 1158, 4876, 2385
00:01:10.530, 00:01:31.573
4670, 1007, 2970, 1857, 1541, 1179, 4770, 1621
00:01:38.575, 00:02:00.690
3887, 1008, 2194, 1694, 1507, 1047, 4641, 2012
00:02:08.004, 00:02:28.494

59528
profile_test_data/1X39XX45_Googleplex_openApp_thru_navigation/s/07-30-2020--07:07:48
3798, 1334, 1954, 1580, 1822, 1209, 5171, 1831
00:00:42.725, 00:01:03.924
3790, 1351, 1918, 2061, 1509, 1184, 4587, 2331
00:01:11.837, 00:01:33.068
3974, 974, 2384, 1747, 1851, 1634, 5256, 2231
00:01:39.492, 00:02:02.043
3738, 1350, 1784, 1878, 1460, 1292, 4300, 2276
00:02:09.496, 00:02:30.074

61996
profile_test_data/1X39XX45_Googleplex_openApp_thru_navigation/s:m/07-30-2020--07:10:45
3659, 1046, 1698, 2039, 1538, 1152, 4813, 1628
00:00:44.180, 00:01:04.253
3732, 944, 2227, 1847, 1522, 1200, 4570, 2469
00:01:11.421, 00:01:32.432
4860, 1008, 2291, 1673, 1464, 1379, 4960, 1912
00:01:39.378, 00:02:01.425
3673, 1251, 2371, 1725, 1494, 1219, 4400, 1958
00:02:07.868, 00:02:28.459

62736
profile_test_data/1X39XX45_Googleplex_openApp_thru_navigation/s:mmm/07-30-2020--07:13:43
3677, 1009, 2246, 1838, 1514, 1143, 3605, 2041
00:00:42.737, 00:01:02.310
3633, 1043, 2152, 1842, 1487, 1155, 4866, 2380
00:01:09.246, 00:01:30.304
3975, 976, 2259, 1662, 1524, 1165, 4925, 1760
00:01:36.690, 00:01:57.436
3916, 1472, 2052, 1670, 1514, 1274, 4398, 1831
00:02:04.712, 00:02:25.339

62984
profile_test_data/1X39XX45_Googleplex_openApp_thru_navigation/s:mmmmm/07-30-2020--07:16:42
4634, 969, 2255, 1711, 1502, 1144, 5033, 2606
00:00:43.238, 00:01:05.592
4841, 1270, 1803, 1675, 1343, 1366, 4934, 1905
00:01:11.955, 00:01:33.592
3712, 1341, 1930, 1675, 1365, 1470, 4364, 2169
00:01:39.999, 00:02:00.525
3686, 1377, 1836, 1764, 1529, 1355, 4373, 2231
00:02:06.866, 00:02:27.517

170904
profile_test_data/1X39XX45_Googleplex_openApp_thru_navigation/a/07-30-2020--07:19:45
4279, 989, 2019, 1666, 1490, 1092, 5224, 1900
00:00:40.985, 00:01:02.144
3732, 1284, 1708, 1797, 1514, 1246, 4978, 2369
00:01:09.035, 00:01:30.163
3904, 1323, 1804, 1697, 1535, 1194, 4179, 1873
00:01:37.199, 00:01:57.208
3658, 1232, 1710, 1982, 1495, 1187, 4493, 2338
00:02:03.550, 00:02:24.145

45072
profile_test_data/1X39XX45_Googleplex_openApp_thru_navigation/e:/07-30-2020--07:22:47
4157, 941, 2424, 1862, 1693, 1334, 4673, 3900
00:00:42.675, 00:01:06.159
4407, 1438, 2063, 1805, 1684, 1313, 4972, 2147
00:01:12.704, 00:01:35.033
4408, 1478, 2137, 1898, 1503, 1384, 4647, 2502
00:01:41.635, 00:02:04.092
5347, 1500, 2028, 1868, 1580, 1250, 4667, 2158
00:02:12.165, 00:02:35.063

61256
profile_test_data/1X39XX45_Googleplex_openApp_thru_navigation/e:m/07-30-2020--07:25:45
4801, 991, 2260, 1823, 1477, 1123, 4035, 2515
00:00:42.184, 00:01:03.709
3678, 1193, 2155, 1690, 1517, 1148, 4697, 1612
00:01:10.611, 00:01:30.801
3673, 1253, 1827, 1646, 1309, 1450, 4610, 2114
00:01:37.296, 00:01:57.678
4936, 1026, 2316, 1706, 1501, 1116, 4931, 1764
00:02:05.129, 00:02:26.925

62228
profile_test_data/1X39XX45_Googleplex_openApp_thru_navigation/e:mmm/07-30-2020--07:28:37
4711, 1276, 2225, 1548, 1489, 1150, 4323, 1971
00:00:42.393, 00:01:03.586
3679, 1040, 1953, 2055, 1789, 1166, 4473, 1809
00:01:11.247, 00:01:31.711
3816, 1362, 1763, 2599, 1517, 1300, 4506, 1856
00:01:39.601, 00:02:00.820
3754, 1385, 1773, 1772, 1382, 1307, 4585, 2040
00:02:08.202, 00:02:28.700

62416
profile_test_data/1X39XX45_Googleplex_openApp_thru_navigation/e:mmmmm/07-30-2020--07:31:33
3714, 958, 2251, 1777, 1755, 1165, 5022, 3343
00:00:42.291, 00:01:04.776
4813, 1070, 2613, 1795, 1460, 1196, 4541, 2286
00:01:11.494, 00:01:33.768
4818, 955, 2265, 1826, 1492, 1170, 4552, 1994
00:01:41.309, 00:02:02.881
3875, 1023, 2404, 1772, 1508, 1163, 5007, 2220
00:02:10.297, 00:02:31.769

53208
profile_test_data/1X39XX45_Googleplex_openApp_thru_navigation/u/07-30-2020--07:34:30
4181, 1369, 1558, 2225, 1591, 1302, 5226, 2207
00:00:43.076, 00:01:05.235
4380, 1465, 1934, 1832, 1658, 1230, 5025, 2261
00:01:12.887, 00:01:35.172
4206, 1509, 2012, 1868, 1570, 1280, 4873, 2402
00:01:41.916, 00:02:04.136
4300, 1506, 2115, 1823, 1593, 1249, 4742, 2193
00:02:12.156, 00:02:34.177

63936
profile_test_data/1X39XX45_Googleplex_openApp_thru_navigation/u:m/07-30-2020--07:37:29
3682, 961, 2034, 1716, 1495, 1146, 4996, 2084
00:00:43.208, 00:01:03.822
3761, 1327, 2288, 1698, 1526, 1179, 4600, 2178
00:01:10.733, 00:01:31.790
3703, 1366, 1774, 1675, 1704, 1279, 4376, 1849
00:01:38.715, 00:01:58.941
3692, 1026, 2165, 1742, 1507, 1157, 4838, 1898
00:02:05.302, 00:02:25.827

64192
profile_test_data/1X39XX45_Googleplex_openApp_thru_navigation/u:mmm/07-30-2020--07:40:26
3610, 1056, 2299, 1717, 1516, 1152, 4748, 1952
00:00:43.325, 00:01:03.875
3729, 1378, 2178, 1784, 1464, 1202, 4920, 1730
00:01:10.668, 00:01:31.553
3598, 942, 2195, 1825, 1407, 1235, 5176, 1757
00:01:38.255, 00:01:58.890
3748, 958, 2118, 1856, 1890, 1150, 5383, 1889
00:02:05.387, 00:02:26.879

64264
profile_test_data/1X39XX45_Googleplex_openApp_thru_navigation/u:mmmmm/07-30-2020--07:43:17
4715, 1058, 2264, 2278, 1507, 1174, 4525, 2292
00:00:41.901, 00:01:04.214
3886, 975, 2239, 1794, 1543, 1118, 5191, 2236
00:01:11.740, 00:01:33.222
3710, 1006, 2149, 1644, 1689, 1178, 5004, 1876
00:01:40.011, 00:02:00.767
4743, 991, 2158, 1713, 1876, 1180, 5743, 2037
00:02:07.993, 00:02:30.934

59528
profile_test_data/1X39XX45_Googleplex_openApp_thru_navigation/s/07-30-2020--07:46:13
3821, 1041, 2142, 1597, 1524, 1163, 4557, 2437
00:00:42.713, 00:01:03.495
4801, 1008, 2218, 1672, 1473, 1162, 4603, 2099
00:01:10.752, 00:01:32.288
3702, 926, 2673, 2221, 1556, 1160, 4436, 1954
00:01:39.241, 00:02:00.369
3708, 959, 2147, 1738, 1530, 1144, 4126, 2143
00:02:07.211, 00:02:27.206

61996
profile_test_data/1X39XX45_Googleplex_openApp_thru_navigation/s:m/07-30-2020--07:49:04
3774, 1350, 1971, 1578, 1524, 1214, 4706, 1975
00:00:42.399, 00:01:02.991
4146, 1318, 1835, 1738, 1534, 1249, 4520, 1881
00:01:10.653, 00:01:31.374
3743, 1344, 1911, 1592, 1509, 1202, 4193, 1737
00:01:38.345, 00:01:58.076
4745, 1336, 1754, 1719, 1463, 1259, 4562, 2037
00:02:05.467, 00:02:26.842

62736
profile_test_data/1X39XX45_Googleplex_openApp_thru_navigation/s:mmm/07-30-2020--07:51:56
4588, 1298, 1799, 1663, 1929, 1258, 4751, 1780
00:00:43.815, 00:01:05.381
4729, 1327, 1744, 1652, 1514, 1255, 4299, 2298
00:01:12.067, 00:01:33.385
4314, 1008, 2103, 1707, 1477, 1193, 4319, 1717
00:01:41.095, 00:02:01.433
3672, 1285, 1679, 1931, 1492, 1223, 4803, 1658
00:02:09.406, 00:02:29.649

62984
profile_test_data/1X39XX45_Googleplex_openApp_thru_navigation/s:mmmmm/07-30-2020--07:54:50
3588, 1301, 1791, 2578, 1500, 1228, 4598, 1803
00:00:41.972, 00:01:02.859
3798, 1040, 2151, 1690, 1527, 1193, 4427, 2331
00:01:10.197, 00:01:30.854
3600, 1276, 1961, 1750, 1466, 1281, 3613, 1859
00:01:37.271, 00:01:56.577
4773, 1661, 1784, 1682, 1490, 1166, 4447, 1793
00:02:04.433, 00:02:25.729

170904
profile_test_data/1X39XX45_Googleplex_openApp_thru_navigation/a/07-30-2020--07:57:40
3731, 1010, 2186, 2007, 1523, 1154, 4590, 1930
00:00:42.741, 00:01:03.372
3722, 1346, 1888, 1735, 1523, 1321, 5192, 2195
00:01:09.998, 00:01:31.420
4976, 1022, 2003, 1854, 1449, 1222, 4510, 1811
00:01:37.968, 00:01:59.315
4896, 957, 2014, 1675, 1740, 1155, 4495, 1938
00:02:06.008, 00:02:27.378

