
45076
profile_test_data/1X39XX45_Googleplex_openApp_thru_navigation/e:/08-13-2020--20:30:52
978, 2728, 2631, 1530, 1198, 4868, 3109
00:00:48.627, 00:01:08.169
1900, 2688, 2873, 1774, 1521, 4601, 4309
00:01:20.985, 00:01:43.151
1177, 3684, 2116, 1636, 1367, 5186, 4297
00:01:56.163, 00:02:18.126

170904
profile_test_data/1X39XX45_Googleplex_openApp_thru_navigation/a/08-13-2020--20:34:06
1388, 2051, 2605, 1610, 1502, 4225, 2909
00:00:50.492, 00:01:09.282
975, 2932, 1746, 1606, 1263, 4924, 3495
00:01:21.727, 00:01:41.168
1056, 2649, 1628, 1949, 1856, 4417, 2781
00:01:53.554, 00:02:12.390

