
45076
profile_test_data/1X39XX45_Googleplex_openApp_thru_navigation/e:/08-02-2020--20:08:55
4541, 1675, 2374, 2091, 1528, 1422, 4874, 2968
00:00:43.535, 00:01:07.508
4456, 1073, 2906, 2157, 1512, 1429, 5883, 3506
00:01:14.894, 00:01:40.316
4418, 1618, 2160, 1675, 1926, 1425, 4564, 2192
00:01:47.016, 00:02:09.494
4592, 1609, 2199, 1905, 1570, 1529, 5203, 2689
00:02:16.594, 00:02:40.390

58272
profile_test_data/1X39XX45_Googleplex_openApp_thru_navigation/e:m-INTERSECTED-5/08-02-2020--20:12:12
4031, 1023, 2777, 1889, 1535, 1201, 5009, 2708
00:00:42.642, 00:01:05.315
4159, 1033, 2707, 1858, 1481, 1178, 4943, 2300
00:01:12.149, 00:01:34.308
4114, 1472, 2017, 1919, 1489, 1293, 4458, 2224
00:01:41.787, 00:02:03.273
5205, 957, 2451, 1808, 1608, 1243, 4956, 1956
00:02:09.610, 00:02:32.294

61200
profile_test_data/1X39XX45_Googleplex_openApp_thru_navigation/e:m/08-02-2020--20:15:27
3938, 993, 2488, 1960, 1558, 1237, 4714, 2332
00:00:41.448, 00:01:03.168
4031, 1373, 2072, 1775, 1431, 1318, 4663, 1591
00:01:09.604, 00:01:30.358
3853, 1028, 2757, 1824, 1540, 1067, 5463, 1942
00:01:37.393, 00:01:59.367
4039, 1715, 2039, 1756, 1496, 1365, 4439, 3005
00:02:05.806, 00:02:28.160

59280
profile_test_data/1X39XX45_Googleplex_openApp_thru_navigation/e:mmmmm-INTERSECTED-5/08-02-2020--20:20:46
3817, 1048, 2448, 1850, 1576, 1193, 4292, 2708
00:00:43.578, 00:01:05.010
4063, 1439, 2025, 1708, 1979, 1303, 5342, 3097
00:01:11.383, 00:01:34.839
4120, 1127, 2649, 1932, 1515, 1221, 4609, 2841
00:01:41.324, 00:02:03.838
4005, 1042, 2562, 2007, 1494, 1409, 4258, 3002
00:02:11.537, 00:02:33.816

61700
profile_test_data/1X39XX45_Googleplex_openApp_thru_navigation/e:mmmmm/08-02-2020--20:24:03
3939, 1058, 2442, 1823, 1567, 1203, 4797, 2816
00:00:42.018, 00:01:04.163
3972, 1325, 1934, 1802, 1530, 1317, 4568, 2494
00:01:10.694, 00:01:32.136
4112, 1571, 1932, 1689, 1532, 1257, 4778, 2274
00:01:39.671, 00:02:01.316
4057, 1403, 2209, 1834, 1529, 1354, 4638, 2931
00:02:08.723, 00:02:31.178

59528
profile_test_data/1X39XX45_Googleplex_openApp_thru_navigation/s:/08-02-2020--20:34:44
3966, 1046, 2343, 1824, 1569, 1163, 4616, 2992
00:00:42.778, 00:01:04.797
4128, 1493, 2176, 1887, 1513, 1316, 4274, 2695
00:01:11.817, 00:01:33.799
4172, 1011, 2619, 1815, 1510, 1397, 4179, 2358
00:01:40.361, 00:02:01.922
4061, 1457, 2033, 1828, 1466, 1311, 4581, 2531
00:02:09.022, 00:02:30.790

59528
profile_test_data/1X39XX45_Googleplex_openApp_thru_navigation/a:/08-02-2020--20:37:48
4056, 944, 2490, 1939, 1572, 1242, 5204, 2419
00:00:42.941, 00:01:05.307
3916, 1388, 2075, 1909, 1561, 1330, 5216, 3112
00:01:12.162, 00:01:35.169
4108, 1524, 2117, 2019, 1500, 1313, 4178, 2410
00:01:41.615, 00:02:03.284
4091, 1441, 2242, 1852, 1496, 1317, 4815, 3109
00:02:10.241, 00:02:33.104

45076
profile_test_data/1X39XX45_Googleplex_openApp_thru_navigation/e:/08-02-2020--20:41:02
4518, 1527, 2240, 2012, 1555, 1301, 5002, 3228
00:00:44.644, 00:01:08.527
4403, 1529, 2186, 1606, 1975, 1408, 4933, 3381
00:01:15.608, 00:01:39.529
4477, 1047, 2690, 1920, 1539, 1286, 4539, 3740
00:01:46.736, 00:02:10.474
4410, 1634, 2198, 1932, 1599, 1516, 4600, 3118
00:02:18.086, 00:02:41.593

58272
profile_test_data/1X39XX45_Googleplex_openApp_thru_navigation/e:m-INTERSECTED-5/08-02-2020--20:44:17
4021, 991, 2478, 1810, 1580, 1209, 4776, 3083
00:00:44.574, 00:01:07.022
3939, 1465, 2053, 1720, 1882, 1369, 4581, 2732
00:01:14.913, 00:01:37.154
4043, 1438, 2076, 2097, 1517, 1332, 4517, 2907
00:01:43.702, 00:02:06.129
4100, 956, 2491, 1705, 1833, 1215, 5593, 2470
00:02:13.344, 00:02:36.207

61200
profile_test_data/1X39XX45_Googleplex_openApp_thru_navigation/e:m/08-02-2020--20:47:27
3882, 1125, 2358, 1744, 1550, 1191, 4650, 2073
00:00:41.353, 00:01:02.426
4160, 1092, 2623, 1944, 1535, 1242, 4707, 2119
00:01:09.490, 00:01:31.412
3828, 1420, 2057, 1988, 1534, 1421, 4803, 2362
00:01:38.321, 00:02:00.234
4007, 1600, 1981, 1749, 1504, 1285, 5898, 2946
00:02:06.836, 00:02:30.306

59280
profile_test_data/1X39XX45_Googleplex_openApp_thru_navigation/e:mmmmm-INTERSECTED-5/08-02-2020--20:50:30
4037, 976, 2454, 1740, 1850, 1200, 4720, 2437
00:00:41.899, 00:01:03.813
4033, 1441, 2080, 2057, 1526, 1502, 6290, 2379
00:01:10.996, 00:01:34.804
4091, 1027, 2552, 1929, 1486, 1241, 5113, 2785
00:01:41.957, 00:02:04.681
4109, 1112, 2891, 1748, 1488, 1185, 4813, 2644
00:02:11.284, 00:02:33.774

61700
profile_test_data/1X39XX45_Googleplex_openApp_thru_navigation/e:mmmmm/08-02-2020--20:53:41
3865, 1412, 2067, 1836, 1544, 1356, 4780, 2318
00:00:42.127, 00:01:03.805
4002, 1006, 2458, 1637, 1825, 1455, 4970, 2518
00:01:11.446, 00:01:33.817
3927, 1410, 2107, 1772, 1566, 1368, 4306, 2689
00:01:40.214, 00:02:01.859
3977, 1452, 2179, 1921, 1627, 1260, 4368, 2170
00:02:09.563, 00:02:31.017

59528
profile_test_data/1X39XX45_Googleplex_openApp_thru_navigation/s:/08-02-2020--20:56:44
4269, 1077, 2549, 1859, 1451, 1206, 4812, 2521
00:00:42.254, 00:01:04.498
4194, 978, 2510, 1610, 1495, 1175, 4868, 2442
00:01:10.932, 00:01:32.704
4031, 1012, 2692, 1905, 1520, 1615, 4149, 2385
00:01:39.864, 00:02:01.673
4026, 1026, 2691, 1675, 1509, 1192, 5240, 2928
00:02:08.796, 00:02:31.583

59528
profile_test_data/1X39XX45_Googleplex_openApp_thru_navigation/a:/08-02-2020--20:59:50
4015, 1401, 2062, 1967, 1602, 1296, 4652, 2381
00:00:41.623, 00:01:03.499
4158, 959, 2626, 1818, 1529, 1175, 4480, 2394
00:01:10.689, 00:01:32.328
5030, 1457, 1907, 1800, 1496, 1299, 4494, 2542
00:01:39.986, 00:02:02.511
4003, 1417, 2125, 1942, 1468, 1318, 4874, 3143
00:02:09.572, 00:02:32.362

45076
profile_test_data/1X39XX45_Googleplex_openApp_thru_navigation/e:/08-02-2020--21:03:01
4432, 1638, 2187, 1613, 1915, 1397, 5016, 2834
00:00:43.468, 00:01:07.000
4648, 1614, 2193, 2622, 1536, 1415, 5111, 3145
00:01:14.186, 00:01:38.970
4577, 1598, 2247, 2604, 1623, 1336, 5084, 3315
00:01:46.058, 00:02:10.942
4544, 1044, 2757, 2096, 1571, 1281, 4477, 3570
00:02:18.055, 00:02:41.895

58272
profile_test_data/1X39XX45_Googleplex_openApp_thru_navigation/e:m-INTERSECTED-5/08-02-2020--21:06:28
3898, 1456, 2261, 2009, 1628, 1293, 4355, 2529
00:00:43.028, 00:01:04.957
4684, 1710, 2301, 2603, 1659, 1353, 4398, 3536
00:01:12.009, 00:01:36.753
4597, 1030, 2822, 2643, 1694, 1348, 4671, 3400
00:01:44.118, 00:02:08.823
4454, 1061, 2907, 2566, 1574, 1306, 4919, 3422
00:02:16.128, 00:02:40.837

61200
profile_test_data/1X39XX45_Googleplex_openApp_thru_navigation/e:m/08-02-2020--21:09:58
3930, 1509, 1984, 1660, 1831, 1309, 4384, 2576
00:00:41.242, 00:01:02.925
3866, 1010, 2420, 2006, 1583, 1194, 5155, 2626
00:01:10.630, 00:01:32.990
3847, 1458, 2111, 1953, 1506, 1298, 4485, 2574
00:01:40.235, 00:02:01.967
4131, 1409, 2499, 1906, 1523, 1231, 4082, 2327
00:02:08.396, 00:02:30.004

59280
profile_test_data/1X39XX45_Googleplex_openApp_thru_navigation/e:mmmmm-INTERSECTED-5/08-02-2020--21:13:26
4059, 974, 2508, 1588, 1834, 1243, 4152, 3029
00:00:42.278, 00:01:04.165
4131, 993, 2790, 1837, 1618, 1220, 4337, 2517
00:01:11.324, 00:01:33.267
4021, 1397, 2037, 1792, 1510, 1225, 4677, 2758
00:01:40.248, 00:02:02.165
3911, 1463, 1971, 1938, 1608, 1290, 5362, 3031
00:02:09.191, 00:02:32.265

61700
profile_test_data/1X39XX45_Googleplex_openApp_thru_navigation/e:mmmmm/08-02-2020--21:16:50
3846, 996, 2540, 1665, 1500, 1183, 4746, 2013
00:00:42.489, 00:01:03.478
3951, 974, 2574, 1778, 1503, 1257, 4457, 2845
00:01:10.404, 00:01:32.243
4074, 993, 3056, 1751, 1550, 1190, 5312, 2208
00:01:38.681, 00:02:01.315
4082, 1009, 2753, 1825, 1571, 1191, 4538, 2902
00:02:08.889, 00:02:31.260

59528
profile_test_data/1X39XX45_Googleplex_openApp_thru_navigation/s:/08-02-2020--21:19:56
3888, 10844, 2044, 1903, 1588, 1311, 4882, 2565
00:00:42.237, 00:01:13.762
4224, 1933, 2436, 2032, 1530, 1225, 4503, 2707
00:01:20.648, 00:01:43.738
3951, 1466, 2155, 2082, 1538, 1293, 4642, 2337
00:01:50.845, 00:02:12.809
4143, 1011, 2589, 2637, 1488, 1249, 5144, 3147
00:02:19.900, 00:02:43.808

59528
profile_test_data/1X39XX45_Googleplex_openApp_thru_navigation/a:/08-02-2020--21:23:12
4070, 993, 2835, 1948, 1514, 1235, 4650, 2881
00:00:42.971, 00:01:05.597
4122, 992, 2657, 2466, 1509, 1234, 4411, 2959
00:01:12.744, 00:01:35.594
3983, 1010, 2664, 1873, 1492, 1420, 3973, 2971
00:01:42.694, 00:02:04.580
4135, 1460, 2054, 1639, 1781, 1194, 4267, 2365
00:02:11.233, 00:02:32.628

45076
profile_test_data/1X39XX45_Googleplex_openApp_thru_navigation/e:/08-02-2020--21:26:13
5316, 1078, 3470, 2225, 1620, 1351, 5027, 4176
00:00:47.741, 00:01:14.504
5662, 1847, 2434, 2664, 1654, 1439, 4571, 4409
00:01:22.303, 00:01:49.483
5233, 1842, 2494, 2619, 1678, 1399, 4892, 3717
00:01:57.254, 00:02:23.628
5231, 1853, 2471, 2592, 1607, 1534, 4524, 4264
00:02:30.909, 00:02:57.485

58272
profile_test_data/1X39XX45_Googleplex_openApp_thru_navigation/e:m-INTERSECTED-5/08-02-2020--21:29:45
4432, 1046, 3079, 2179, 1604, 1339, 4374, 3211
00:00:44.679, 00:01:08.443
4314, 1576, 2422, 2027, 1623, 1413, 4510, 3364
00:01:15.749, 00:01:39.498
4408, 1567, 2359, 2599, 1642, 1455, 4755, 3419
00:01:47.634, 00:02:12.338
4285, 1059, 3086, 2222, 1590, 1332, 4744, 4410
00:02:20.129, 00:02:45.357

61200
profile_test_data/1X39XX45_Googleplex_openApp_thru_navigation/e:m/08-02-2020--21:33:12
3785, 1404, 2142, 1941, 1531, 1300, 4466, 2358
00:00:42.365, 00:01:03.792
3999, 1043, 2593, 2341, 1537, 1249, 5232, 2210
00:01:10.917, 00:01:33.621
4247, 1392, 2124, 1737, 1607, 1259, 4501, 2202
00:01:41.099, 00:02:02.668
3830, 1061, 2932, 1978, 1484, 1230, 4395, 2879
00:02:09.402, 00:02:31.691

59280
profile_test_data/1X39XX45_Googleplex_openApp_thru_navigation/e:mmmmm-INTERSECTED-5/08-02-2020--21:36:26
4115, 1470, 2092, 1920, 1499, 1305, 4045, 3323
00:00:42.696, 00:01:04.965
4118, 1470, 2146, 1795, 1509, 1348, 4594, 2992
00:01:11.496, 00:01:33.968
4080, 960, 2522, 1689, 1850, 1205, 4408, 2563
00:01:40.339, 00:02:02.116
4197, 957, 2499, 1815, 1541, 1309, 4655, 3394
00:02:09.224, 00:02:32.091

61700
profile_test_data/1X39XX45_Googleplex_openApp_thru_navigation/e:mmmmm/08-02-2020--21:39:39
3970, 1026, 2431, 1858, 1511, 1232, 4753, 2562
00:00:43.168, 00:01:05.011
3995, 1091, 2505, 1425, 1707, 1257, 4557, 2509
00:01:11.454, 00:01:33.000
4957, 1009, 2583, 1883, 1514, 1202, 4790, 2253
00:01:39.511, 00:02:02.202
3832, 1391, 2006, 1854, 1483, 1347, 4760, 2288
00:02:08.693, 00:02:30.154

59528
profile_test_data/1X39XX45_Googleplex_openApp_thru_navigation/s:/08-02-2020--21:42:48
3984, 1109, 2524, 2705, 1510, 1253, 4281, 2567
00:00:43.756, 00:01:06.189
4145, 993, 2581, 2047, 1475, 1218, 4969, 2877
00:01:13.320, 00:01:36.125
3887, 1007, 2490, 1725, 1922, 1239, 4682, 2964
00:01:43.782, 00:02:06.198
4453, 1647, 2281, 2596, 1625, 1493, 4767, 3331
00:02:13.521, 00:02:38.214

59528
profile_test_data/1X39XX45_Googleplex_openApp_thru_navigation/a:/08-02-2020--21:46:14
3919, 1447, 2158, 2037, 1507, 1282, 4732, 3230
00:00:42.691, 00:01:05.503
4041, 991, 2566, 1934, 1507, 1234, 4587, 3069
00:01:13.080, 00:01:35.509
4078, 1009, 2613, 1993, 1595, 1244, 4759, 2873
00:01:41.951, 00:02:04.615
4090, 1041, 2662, 1929, 1492, 1231, 4932, 2875
00:02:11.767, 00:02:34.519

45076
profile_test_data/1X39XX45_Googleplex_openApp_thru_navigation/e:/08-02-2020--21:49:44
4786, 1622, 2149, 2150, 1635, 1391, 4743, 3273
00:00:43.219, 00:01:07.468
4705, 1609, 2188, 2118, 1534, 1318, 4905, 3400
00:01:15.101, 00:01:39.378
4454, 1655, 2147, 1637, 1960, 1330, 4905, 3270
00:01:46.715, 00:02:10.573
4471, 1128, 3005, 2015, 1513, 1270, 4382, 2770
00:02:17.691, 00:02:40.745

58272
profile_test_data/1X39XX45_Googleplex_openApp_thru_navigation/e:m-INTERSECTED-5/08-02-2020--21:53:12
4128, 996, 2522, 1670, 1877, 1229, 4936, 2975
00:00:42.623, 00:01:05.456
3975, 1623, 2062, 1637, 1850, 1291, 4666, 3283
00:01:12.450, 00:01:35.337
4379, 1592, 2420, 2055, 1608, 1498, 4602, 3646
00:01:43.071, 00:02:07.371
4359, 1115, 3096, 2181, 1628, 1325, 4635, 3040
00:02:14.568, 00:02:38.447

61200
profile_test_data/1X39XX45_Googleplex_openApp_thru_navigation/e:m/08-02-2020--21:56:31
4381, 1597, 2298, 1711, 1602, 1398, 4516, 2509
00:00:44.755, 00:01:07.267
4401, 1004, 2835, 1998, 1566, 1293, 4435, 2669
00:01:14.516, 00:01:37.217
4499, 1562, 2447, 1792, 1617, 1383, 4561, 3195
00:01:44.484, 00:02:08.040
4325, 1633, 2598, 1674, 1570, 1338, 4594, 3094
00:02:15.839, 00:02:39.165

59280
profile_test_data/1X39XX45_Googleplex_openApp_thru_navigation/e:mmmmm-INTERSECTED-5/08-02-2020--21:59:49
4431, 1093, 2873, 1490, 2094, 1300, 4241, 3177
00:00:44.957, 00:01:08.156
4428, 1006, 3092, 1926, 1625, 1341, 4381, 3446
00:01:15.404, 00:01:39.149
4599, 990, 2886, 1498, 2038, 1322, 4620, 3333
00:01:46.391, 00:02:10.177
4264, 1571, 2254, 1631, 2035, 1405, 4924, 3052
00:02:17.523, 00:02:41.159

61700
profile_test_data/1X39XX45_Googleplex_openApp_thru_navigation/e:mmmmm/08-02-2020--22:03:09
4323, 1010, 3182, 1962, 1633, 1344, 4610, 2830
00:00:44.407, 00:01:07.801
4582, 1576, 2400, 2179, 1650, 1338, 4927, 2823
00:01:14.928, 00:01:38.903
4471, 1007, 2913, 2002, 1668, 1298, 4130, 3179
00:01:45.602, 00:02:08.770
6179, 980, 2786, 1506, 1920, 1363, 4499, 2979
00:02:16.056, 00:02:40.768

59528
profile_test_data/1X39XX45_Googleplex_openApp_thru_navigation/s:/08-02-2020--22:06:30
5024, 1555, 2100, 1865, 1590, 1276, 4966, 2883
00:00:41.678, 00:01:05.437
4112, 1092, 2637, 1918, 1536, 1247, 4364, 2403
00:01:12.529, 00:01:34.338
4650, 1092, 3002, 2076, 1646, 1323, 4801, 3384
00:01:42.001, 00:02:06.475
4327, 1573, 2455, 2531, 1659, 1513, 4201, 3024
00:02:13.753, 00:02:37.536

59528
profile_test_data/1X39XX45_Googleplex_openApp_thru_navigation/a:/08-02-2020--22:10:02


45076
profile_test_data/1X39XX45_Googleplex_openApp_thru_navigation/e:/08-02-2020--22:11:46
4489, 1060, 2942, 2008, 1520, 1264, 4176, 2961
00:00:43.502, 00:01:06.422
4628, 1027, 2709, 2647, 1565, 1270, 5376, 3123
00:01:13.587, 00:01:38.432
4541, 1064, 3285, 1999, 1674, 1386, 4608, 3811
00:01:45.590, 00:02:10.458
5317, 1826, 2456, 2607, 1651, 1434, 4771, 4052
00:02:17.761, 00:02:44.375

58272
profile_test_data/1X39XX45_Googleplex_openApp_thru_navigation/e:m-INTERSECTED-5/08-02-2020--22:15:21
3958, 1011, 2589, 2130, 1958, 1264, 4199, 3067
00:00:42.303, 00:01:04.979
4032, 1421, 2022, 1920, 1461, 1358, 4635, 3123
00:01:11.396, 00:01:33.868
4169, 1009, 2650, 1874, 1498, 1036, 5085, 3027
00:01:40.933, 00:02:03.781
3922, 1775, 1991, 1835, 1513, 1327, 4745, 2855
00:02:11.398, 00:02:33.861

61200
profile_test_data/1X39XX45_Googleplex_openApp_thru_navigation/e:m/08-02-2020--22:18:51
3891, 995, 2366, 1771, 1594, 1214, 4780, 2277
00:00:42.445, 00:01:03.833
3973, 1407, 2328, 1873, 1605, 1279, 4671, 2204
00:01:10.968, 00:01:32.808
4055, 1454, 2222, 1768, 1768, 1283, 5119, 2994
00:01:40.758, 00:02:03.921
4674, 1064, 2714, 1627, 1876, 1503, 5152, 2767
00:02:10.922, 00:02:34.799

59280
profile_test_data/1X39XX45_Googleplex_openApp_thru_navigation/e:mmmmm-INTERSECTED-5/08-02-2020--22:22:05
4421, 1062, 2865, 2598, 1630, 1233, 4459, 3074
00:00:45.056, 00:01:08.898
4459, 1009, 2862, 2636, 1680, 1246, 4759, 3466
00:01:16.252, 00:01:40.869
4430, 1582, 2310, 2665, 1640, 1515, 4694, 3315
00:01:48.237, 00:02:12.888
4288, 1612, 2457, 2300, 1595, 1378, 5199, 3402
00:02:20.144, 00:02:44.875

61700
profile_test_data/1X39XX45_Googleplex_openApp_thru_navigation/e:mmmmm/08-02-2020--22:25:36
3806, 1517, 2160, 1937, 1614, 1281, 4941, 2570
00:00:42.264, 00:01:04.590
4019, 1438, 2163, 2054, 1452, 1257, 4736, 2206
00:01:11.700, 00:01:33.525
3792, 1457, 2285, 2175, 1880, 1278, 5256, 2827
00:01:41.124, 00:02:04.574
3931, 1477, 2208, 2047, 1495, 1370, 4902, 2067
00:02:11.608, 00:02:33.605

59528
profile_test_data/1X39XX45_Googleplex_openApp_thru_navigation/s:/08-02-2020--22:28:50
4039, 1025, 2701, 2068, 1553, 1232, 5635, 3035
00:00:43.121, 00:01:06.909
3979, 1457, 2066, 1748, 1844, 1365, 4133, 2781
00:01:13.248, 00:01:35.121
4108, 1419, 2190, 2100, 1482, 1273, 4763, 2453
00:01:41.749, 00:02:04.037
4612, 1024, 2886, 2564, 1596, 1259, 5198, 3314
00:02:11.094, 00:02:36.047

59528
profile_test_data/1X39XX45_Googleplex_openApp_thru_navigation/a:/08-02-2020--22:31:56
4485, 990, 2982, 2034, 1646, 1318, 4351, 3534
00:00:45.697, 00:01:09.537
4382, 1015, 2870, 2581, 1633, 1274, 4354, 3124
00:01:16.806, 00:01:40.539
4410, 1592, 2561, 2068, 1613, 1347, 4568, 3156
00:01:47.753, 00:02:11.568
4267, 1561, 2322, 2586, 1646, 1381, 4827, 3500
00:02:18.867, 00:02:43.457

45076
profile_test_data/1X39XX45_Googleplex_openApp_thru_navigation/e:/08-02-2020--22:35:19
5148, 1095, 3367, 2311, 1680, 1329, 5576, 3854
00:00:47.381, 00:01:14.241
5195, 1911, 2594, 2314, 1715, 1355, 5618, 4237
00:01:21.710, 00:01:49.149
5179, 1045, 3262, 2621, 1661, 1285, 4949, 4260
00:01:56.388, 00:02:23.150
5530, 1093, 3280, 2597, 1666, 1376, 4658, 4611
00:02:30.817, 00:02:58.128

58272
profile_test_data/1X39XX45_Googleplex_openApp_thru_navigation/e:m-INTERSECTED-5/08-02-2020--22:39:02
4409, 1544, 2279, 2681, 1590, 1487, 4981, 3345
00:00:45.423, 00:01:10.239
4350, 1903, 2510, 2792, 1621, 1419, 4945, 2870
00:01:17.452, 00:01:42.362
4393, 1576, 2558, 2101, 1624, 1690, 4341, 3000
00:01:49.587, 00:02:13.370
4879, 1561, 2846, 1569, 2014, 1313, 4193, 2808
00:02:20.673, 00:02:44.356

61200
profile_test_data/1X39XX45_Googleplex_openApp_thru_navigation/e:m/08-02-2020--22:42:30
4343, 1062, 3033, 2173, 1389, 1681, 4665, 3055
00:00:43.260, 00:01:07.161
4292, 1976, 3053, 1956, 1591, 1338, 4673, 3287
00:01:14.457, 00:01:39.123
4219, 1583, 2304, 2547, 1559, 1698, 4935, 3311
00:01:46.449, 00:02:11.105
4406, 1042, 2971, 2127, 1602, 1330, 4474, 2772
00:02:18.966, 00:02:42.190

59280
profile_test_data/1X39XX45_Googleplex_openApp_thru_navigation/e:mmmmm-INTERSECTED-5/08-02-2020--22:45:55
3970, 1468, 2116, 1981, 1518, 1303, 4817, 2797
00:00:43.556, 00:01:06.026
4144, 1408, 2251, 2108, 1531, 1364, 4443, 3100
00:01:13.198, 00:01:36.047
4080, 1008, 2475, 2084, 1498, 1263, 5405, 2929
00:01:42.777, 00:02:06.019
3942, 1477, 2231, 2040, 1481, 1389, 4661, 2354
00:02:13.094, 00:02:35.169

61700
profile_test_data/1X39XX45_Googleplex_openApp_thru_navigation/e:mmmmm/08-02-2020--22:49:17
4255, 1632, 2449, 2124, 1553, 1391, 5335, 3366
00:00:42.615, 00:01:07.220
4256, 1028, 2819, 2515, 1592, 1292, 4896, 2930
00:01:14.468, 00:01:38.296
4157, 1585, 2254, 2569, 1551, 1469, 3996, 2679
00:01:45.580, 00:02:08.340
4634, 1021, 3031, 1986, 1583, 1316, 4410, 3210
00:02:15.534, 00:02:39.225

59528
profile_test_data/1X39XX45_Googleplex_openApp_thru_navigation/s:/08-02-2020--22:52:46
4030, 1099, 2466, 2034, 1515, 1248, 5212, 2918
00:00:43.281, 00:01:06.303
4139, 1107, 2536, 1612, 2293, 1228, 4510, 2439
00:01:12.656, 00:01:35.020
4003, 1161, 2589, 2044, 1500, 1211, 4635, 2936
00:01:42.644, 00:02:05.223
3998, 1008, 2571, 2263, 1414, 1292, 4734, 2267
00:02:12.174, 00:02:34.221

59528
profile_test_data/1X39XX45_Googleplex_openApp_thru_navigation/a:/08-02-2020--22:56:18
4153, 1061, 2554, 1866, 1496, 1211, 5426, 2504
00:00:42.843, 00:01:05.614
4200, 1075, 2716, 2060, 1472, 1196, 4633, 3035
00:01:12.635, 00:01:35.522
4056, 1373, 2001, 1848, 1512, 1283, 4963, 2983
00:01:43.121, 00:02:05.640
4950, 1602, 2312, 2764, 1590, 1488, 4641, 2859
00:02:12.990, 00:02:37.696

45076
profile_test_data/1X39XX45_Googleplex_openApp_thru_navigation/e:/08-02-2020--22:59:30
5637, 1795, 2578, 2621, 1683, 1413, 5189, 4280
00:00:47.061, 00:01:14.757
5096, 1894, 2544, 1435, 2150, 1488, 5316, 3919
00:01:22.517, 00:01:48.859
5612, 1828, 2459, 2845, 1695, 1344, 5144, 4351
00:01:55.952, 00:02:23.730
5324, 1791, 2344, 1870, 1642, 1346, 4798, 3716
00:02:31.507, 00:02:56.838

58272
profile_test_data/1X39XX45_Googleplex_openApp_thru_navigation/e:m-INTERSECTED-5/08-02-2020--23:03:05
4510, 994, 2909, 1855, 1636, 1302, 4755, 3287
00:00:45.413, 00:01:09.161
3885, 943, 2864, 1777, 1505, 1237, 4159, 2848
00:01:16.504, 00:01:38.222
4459, 1577, 2272, 1821, 1620, 1512, 4451, 3422
00:01:45.467, 00:02:09.101
4318, 2037, 2547, 2165, 1623, 1380, 4661, 3497
00:02:16.431, 00:02:41.159

61200
profile_test_data/1X39XX45_Googleplex_openApp_thru_navigation/e:m/08-02-2020--23:06:27
4368, 1042, 2810, 1637, 1864, 1331, 5346, 2891
00:00:43.584, 00:01:07.373
4282, 2013, 2327, 1720, 1559, 1395, 4956, 3011
00:01:14.542, 00:01:38.305
4372, 1098, 2919, 2064, 1589, 1323, 4901, 2977
00:01:45.614, 00:02:09.357
4982, 1026, 2843, 2598, 1609, 1276, 4803, 3202
00:02:16.524, 00:02:41.363

59280
profile_test_data/1X39XX45_Googleplex_openApp_thru_navigation/e:mmmmm-INTERSECTED-5/08-02-2020--23:09:54
4010, 1124, 2632, 2049, 1525, 1270, 4460, 2963
00:00:43.374, 00:01:05.907
4137, 1555, 2143, 1980, 1517, 1657, 4835, 2564
00:01:13.072, 00:01:35.960
4110, 1009, 2561, 2022, 1489, 1459, 4631, 2948
00:01:43.137, 00:02:05.866
4094, 1470, 2552, 1910, 1479, 1371, 4443, 2941
00:02:13.098, 00:02:35.858

61700
profile_test_data/1X39XX45_Googleplex_openApp_thru_navigation/e:mmmmm/08-02-2020--23:13:18
4019, 1405, 2225, 1739, 1491, 1267, 5141, 2232
00:00:42.634, 00:01:04.653
4019, 1025, 2571, 1891, 1508, 1232, 4839, 1963
00:01:11.179, 00:01:32.727
3883, 1048, 2569, 1766, 1624, 1191, 4769, 2634
00:01:39.709, 00:02:01.693
3985, 1004, 2578, 1899, 1492, 1221, 4606, 2312
00:02:08.818, 00:02:30.415

59528
profile_test_data/1X39XX45_Googleplex_openApp_thru_navigation/s:/08-02-2020--23:16:24
4112, 1487, 2007, 1909, 1509, 1265, 5017, 2797
00:00:42.629, 00:01:05.232
4169, 1458, 2210, 2118, 1505, 1348, 4766, 2813
00:01:12.344, 00:01:35.231
4061, 1026, 2531, 2035, 1539, 1227, 4265, 2775
00:01:42.292, 00:02:04.251
4494, 1500, 2226, 2606, 1553, 1296, 4450, 2383
00:02:11.245, 00:02:34.253

59528
profile_test_data/1X39XX45_Googleplex_openApp_thru_navigation/a:/08-02-2020--23:19:28
4146, 943, 2592, 1520, 1858, 1225, 4115, 2985
00:00:42.554, 00:01:04.438
4199, 961, 2562, 1682, 1842, 1193, 4500, 3007
00:01:12.072, 00:01:34.518
3950, 955, 2501, 1760, 1503, 1169, 5074, 2489
00:01:41.643, 00:02:03.544
4172, 1461, 2264, 1825, 1545, 1322, 3873, 3032
00:02:10.551, 00:02:32.545

45076
profile_test_data/1X39XX45_Googleplex_openApp_thru_navigation/e:/08-02-2020--23:22:31
4547, 1060, 2761, 2755, 1551, 1184, 4781, 3605
00:00:43.020, 00:01:07.764
4483, 1586, 2488, 1945, 1513, 1308, 4549, 3096
00:01:15.411, 00:01:38.879
4777, 1592, 2184, 2843, 1594, 1144, 6101, 3154
00:01:46.004, 00:02:11.893
4457, 1060, 2791, 1387, 1954, 1214, 5056, 3448
00:02:19.008, 00:02:42.875

58272
profile_test_data/1X39XX45_Googleplex_openApp_thru_navigation/e:m-INTERSECTED-5/08-02-2020--23:25:50
4041, 1000, 2709, 1915, 1621, 1247, 4859, 2893
00:00:42.122, 00:01:04.907
4312, 1059, 2587, 1942, 1532, 1218, 4452, 2406
00:01:11.940, 00:01:33.948
4074, 1021, 2648, 1874, 1518, 1215, 5277, 2745
00:01:41.140, 00:02:04.012
4259, 1026, 2426, 2761, 1479, 1184, 4671, 2777
00:02:10.886, 00:02:33.969

61200
profile_test_data/1X39XX45_Googleplex_openApp_thru_navigation/e:m/08-02-2020--23:29:05
3928, 991, 2512, 2476, 1536, 1197, 5020, 2709
00:00:41.705, 00:01:04.574
3844, 1463, 2088, 1860, 1532, 1266, 4206, 2296
00:01:11.590, 00:01:32.645
3801, 1471, 2077, 2526, 1539, 1271, 4672, 2944
00:01:39.707, 00:02:02.508
4051, 973, 2461, 2578, 1509, 1237, 4186, 2149
00:02:09.006, 00:02:30.650

59280
profile_test_data/1X39XX45_Googleplex_openApp_thru_navigation/e:mmmmm-INTERSECTED-5/08-02-2020--23:32:17
3994, 1455, 2049, 1685, 1857, 1385, 5443, 2466
00:00:42.226, 00:01:05.060
5132, 997, 2592, 2538, 1491, 1206, 4241, 2994
00:01:12.290, 00:01:35.981
4080, 978, 2622, 1846, 1516, 1236, 4403, 2329
00:01:43.646, 00:02:05.156
5395, 1552, 2088, 1863, 1513, 1378, 5638, 2996
00:02:12.210, 00:02:37.133

61700
profile_test_data/1X39XX45_Googleplex_openApp_thru_navigation/e:mmmmm/08-02-2020--23:35:31
3917, 1431, 2148, 1938, 1597, 1366, 4891, 2179
00:00:43.276, 00:01:05.243
4125, 1408, 2229, 1846, 1508, 1294, 4144, 2645
00:01:12.327, 00:01:34.026
3794, 1468, 2156, 1984, 1590, 1329, 4694, 2830
00:01:41.766, 00:02:04.111
3972, 1587, 2084, 1977, 1631, 1344, 4492, 2286
00:02:11.213, 00:02:33.086

59528
profile_test_data/1X39XX45_Googleplex_openApp_thru_navigation/s:/08-02-2020--23:38:46
4129, 1027, 2585, 2490, 1631, 1201, 4693, 2640
00:00:41.780, 00:01:04.676
4123, 1095, 2599, 2064, 1637, 1261, 4077, 2380
00:01:11.862, 00:01:33.598
3925, 1518, 2188, 1757, 1682, 1281, 4292, 2444
00:01:41.096, 00:02:02.683
4144, 1061, 2566, 1892, 1510, 1216, 5324, 2723
00:02:09.715, 00:02:32.651

59528
profile_test_data/1X39XX45_Googleplex_openApp_thru_navigation/a:/08-02-2020--23:41:55
4099, 1548, 2124, 2306, 1596, 1273, 4961, 2462
00:00:42.527, 00:01:05.396
4205, 1476, 2197, 1974, 1514, 1371, 4740, 2847
00:01:12.492, 00:01:35.316
4053, 1008, 2513, 1617, 1841, 1275, 5113, 2384
00:01:43.195, 00:02:05.499
4065, 1473, 2120, 1595, 1883, 1241, 4401, 2450
00:02:12.648, 00:02:34.376

45076
profile_test_data/1X39XX45_Googleplex_openApp_thru_navigation/e:/08-02-2020--23:45:04
4452, 1029, 2815, 1662, 2027, 1260, 4209, 2848
00:00:42.941, 00:01:05.743
4577, 1111, 2814, 2126, 1551, 1223, 5848, 3956
00:01:12.888, 00:01:38.594
4619, 1639, 2396, 2280, 1559, 1342, 5504, 3019
00:01:45.791, 00:02:10.649
4508, 1077, 2827, 2051, 1526, 1305, 4588, 3440
00:02:17.785, 00:02:41.607

58272
profile_test_data/1X39XX45_Googleplex_openApp_thru_navigation/e:m-INTERSECTED-5/08-02-2020--23:48:17
4076, 1009, 2791, 2252, 1476, 1229, 4097, 2528
00:00:44.837, 00:01:06.795
4201, 980, 2597, 1511, 1823, 1226, 5430, 2712
00:01:13.882, 00:01:36.862
4003, 975, 2470, 1931, 1485, 1184, 4710, 2758
00:01:43.750, 00:02:05.766
4496, 1432, 2083, 1834, 1513, 1349, 4961, 2630
00:02:12.894, 00:02:35.692

61200
profile_test_data/1X39XX45_Googleplex_openApp_thru_navigation/e:m/08-02-2020--23:51:33
3876, 988, 2443, 2467, 1599, 1225, 4568, 2291
00:00:42.264, 00:01:04.221
4024, 1011, 2729, 1649, 1489, 1218, 4630, 2572
00:01:11.334, 00:01:33.156
4117, 1382, 1731, 2953, 1542, 1333, 5009, 2202
00:01:40.253, 00:02:03.022
3824, 1356, 1959, 1759, 1554, 1254, 3951, 2444
00:02:10.597, 00:02:31.198

59280
profile_test_data/1X39XX45_Googleplex_openApp_thru_navigation/e:mmmmm-INTERSECTED-5/08-02-2020--23:54:54
3880, 1497, 2297, 2018, 1471, 1289, 4482, 2143
00:00:42.007, 00:01:03.584
4121, 992, 2569, 1661, 1841, 1228, 5196, 2725
00:01:10.549, 00:01:33.382
4143, 1555, 2332, 1901, 1525, 1368, 4900, 2396
00:01:39.855, 00:02:02.475
4128, 1076, 3207, 1967, 1495, 1261, 3842, 2327
00:02:09.455, 00:02:31.258

61700
profile_test_data/1X39XX45_Googleplex_openApp_thru_navigation/e:mmmmm/08-02-2020--23:58:22
3912, 1016, 2574, 1824, 1496, 1235, 4391, 2477
00:00:42.724, 00:01:04.149
3846, 1490, 2096, 1972, 1584, 1241, 4119, 2242
00:01:11.155, 00:01:32.245
4048, 990, 2554, 1760, 1529, 1235, 5097, 2905
00:01:39.433, 00:02:02.051
3809, 1559, 1995, 1669, 1841, 1330, 4182, 2253
00:02:09.978, 00:02:31.116

59528
profile_test_data/1X39XX45_Googleplex_openApp_thru_navigation/s:/08-03-2020--00:01:27
4832, 1439, 2065, 1922, 1487, 1239, 5870, 2377
00:00:40.802, 00:01:04.533
4033, 1477, 2258, 1857, 1504, 1374, 4075, 2526
00:01:11.024, 00:01:32.628
4026, 1529, 2225, 2349, 1523, 1254, 5059, 3072
00:01:39.067, 00:02:02.604
4059, 1437, 2004, 1778, 1536, 1341, 4465, 2395
00:02:10.289, 00:02:31.804

59528
profile_test_data/1X39XX45_Googleplex_openApp_thru_navigation/a:/08-03-2020--00:04:39
3948, 991, 2473, 1721, 1609, 1216, 5108, 3019
00:00:42.485, 00:01:05.070
4107, 1143, 2639, 1736, 1526, 1226, 4408, 2676
00:01:12.178, 00:01:34.139
4290, 1395, 2154, 1745, 1483, 1282, 4449, 2883
00:01:40.887, 00:02:03.068
4108, 959, 2496, 1837, 1517, 1221, 4850, 2465
00:02:10.164, 00:02:32.117

45076
profile_test_data/1X39XX45_Googleplex_openApp_thru_navigation/e:/08-03-2020--00:08:00
4781, 1611, 2170, 1624, 1887, 1602, 4432, 3286
00:00:43.382, 00:01:07.275
4723, 1041, 2657, 2029, 1542, 1215, 4883, 3230
00:01:14.484, 00:01:38.304
4568, 1655, 2129, 1654, 1910, 1424, 4732, 3247
00:01:45.462, 00:02:09.281
4421, 1060, 2776, 2685, 1652, 1208, 4922, 2648
00:02:16.441, 00:02:40.313

58272
profile_test_data/1X39XX45_Googleplex_openApp_thru_navigation/e:m-INTERSECTED-5/08-03-2020--00:11:16
4059, 960, 2455, 1925, 1535, 1260, 4687, 3046
00:00:42.630, 00:01:05.057
4194, 1026, 2675, 2315, 1456, 1235, 4527, 2916
00:01:12.200, 00:01:35.044
4117, 991, 2483, 1629, 1860, 1233, 4299, 2699
00:01:42.152, 00:02:03.963
4230, 1411, 2054, 1806, 1343, 1447, 4358, 2426
00:02:10.445, 00:02:32.020

61200
profile_test_data/1X39XX45_Googleplex_openApp_thru_navigation/e:m/08-03-2020--00:14:18
4015, 991, 2406, 1614, 1631, 1388, 4698, 2719
00:00:41.598, 00:01:03.560
3976, 10811, 2422, 1722, 1560, 1144, 5205, 2219
00:01:09.924, 00:01:41.483
4057, 1009, 2458, 1741, 1601, 1220, 4777, 2554
00:01:48.537, 00:02:10.454
3878, 942, 2420, 1635, 1513, 1173, 4862, 2843
00:02:17.610, 00:02:39.376

59280
profile_test_data/1X39XX45_Googleplex_openApp_thru_navigation/e:mmmmm-INTERSECTED-5/08-03-2020--00:17:30
3868, 1345, 1866, 1786, 1548, 1366, 4612, 2682
00:00:42.185, 00:01:03.758
4091, 1397, 2084, 1684, 1527, 1237, 4642, 2789
00:01:10.921, 00:01:32.872
4125, 1428, 1992, 1775, 1525, 1292, 4388, 2876
00:01:39.851, 00:02:01.752
3995, 1041, 2614, 1856, 1532, 1240, 5181, 2384
00:02:09.420, 00:02:31.763

61700
profile_test_data/1X39XX45_Googleplex_openApp_thru_navigation/e:mmmmm/08-03-2020--00:20:35
3849, 977, 2300, 1743, 1757, 1143, 5010, 2685
00:00:41.027, 00:01:02.991
4025, 1058, 2557, 1783, 1554, 1378, 4882, 2436
00:01:10.717, 00:01:32.890
3841, 1060, 2571, 2104, 1480, 1205, 4622, 2683
00:01:39.833, 00:02:01.899
3958, 1435, 2154, 1849, 1627, 1318, 4389, 2567
00:02:08.973, 00:02:30.770

59528
profile_test_data/1X39XX45_Googleplex_openApp_thru_navigation/s:/08-03-2020--00:23:33
4093, 1450, 2045, 1829, 1567, 1312, 5096, 3645
00:00:42.325, 00:01:05.862
4107, 1012, 2578, 1856, 1509, 1264, 5433, 2377
00:01:12.404, 00:01:35.040
3997, 1457, 2051, 1854, 1494, 1356, 4790, 2961
00:01:42.227, 00:02:04.687
4074, 1449, 2213, 1826, 1539, 1283, 4721, 2944
00:02:12.355, 00:02:34.904

59528
profile_test_data/1X39XX45_Googleplex_openApp_thru_navigation/a:/08-03-2020--00:26:40
3934, 1400, 2117, 1922, 1456, 1267, 4711, 2385
00:00:42.141, 00:01:03.833
4042, 1430, 2177, 1943, 1509, 1375, 5234, 2358
00:01:11.431, 00:01:33.999
4231, 1027, 2854, 1935, 1488, 1258, 4836, 2740
00:01:41.142, 00:02:04.011
4141, 978, 2395, 1895, 1473, 1187, 4954, 2404
00:02:11.087, 00:02:33.014

45076
profile_test_data/1X39XX45_Googleplex_openApp_thru_navigation/e:/08-03-2020--00:29:59
4502, 1577, 2075, 1871, 1602, 1391, 4583, 3409
00:00:43.755, 00:01:07.265
4672, 995, 2741, 1777, 1976, 1181, 4939, 3180
00:01:14.142, 00:01:38.103
4532, 1526, 2153, 1923, 1524, 1328, 4310, 3615
00:01:44.694, 00:02:08.105
4559, 1636, 2121, 1875, 1498, 1353, 4946, 3379
00:02:15.285, 00:02:39.152

58272
profile_test_data/1X39XX45_Googleplex_openApp_thru_navigation/e:m-INTERSECTED-5/08-03-2020--00:33:22
4007, 958, 2274, 1789, 1469, 1234, 4426, 2322
00:00:42.811, 00:01:03.790
4031, 1418, 1978, 1811, 1514, 1198, 4726, 2582
00:01:10.987, 00:01:32.745
4603, 1473, 2008, 1804, 1508, 1378, 4706, 2840
00:01:39.911, 00:02:02.731
4307, 974, 2463, 1850, 1518, 1246, 4761, 3178
00:02:09.847, 00:02:32.644

61200
profile_test_data/1X39XX45_Googleplex_openApp_thru_navigation/e:m/08-03-2020--00:36:29
3859, 1009, 2195, 1906, 1595, 1203, 4246, 2834
00:00:41.975, 00:01:03.322
4442, 992, 2317, 1723, 1443, 1184, 3818, 2189
00:01:09.853, 00:01:30.461
3860, 1006, 2388, 1769, 1492, 1144, 4682, 2848
00:01:37.500, 00:01:59.189
3955, 1027, 2704, 1824, 1620, 1226, 4255, 2364
00:02:05.795, 00:02:27.270

59280
profile_test_data/1X39XX45_Googleplex_openApp_thru_navigation/e:mmmmm-INTERSECTED-5/08-03-2020--00:39:37
4063, 1410, 1927, 1733, 1833, 1264, 4790, 2387
00:00:43.268, 00:01:05.175
3987, 1430, 1981, 1692, 1886, 1314, 4397, 2453
00:01:12.321, 00:01:33.961
4174, 1472, 2205, 1937, 1561, 1273, 4900, 2475
00:01:40.486, 00:02:02.983
3995, 42061, 1804, 2813, 1438, 1196, 3836, 2895
00:02:10.696, 00:03:13.234

61700
profile_test_data/1X39XX45_Googleplex_openApp_thru_navigation/e:mmmmm/08-03-2020--00:43:19
4530, 1429, 2029, 1859, 1594, 1247, 4603, 2531
00:00:42.672, 00:01:04.994
4115, 1422, 2594, 1865, 1472, 1184, 4574, 2016
00:01:11.471, 00:01:33.213
3847, 1024, 2720, 2019, 1472, 1223, 4649, 2248
00:01:40.145, 00:02:01.847
4122, 991, 3017, 1730, 1548, 1427, 4621, 2566
00:02:09.465, 00:02:31.987

59528
profile_test_data/1X39XX45_Googleplex_openApp_thru_navigation/s:/08-03-2020--00:46:23
4007, 1044, 2566, 1833, 1451, 1176, 4257, 2746
00:00:41.753, 00:01:03.333
4199, 1006, 2497, 1928, 1543, 1224, 4393, 2294
00:01:10.567, 00:01:32.151
4012, 1076, 2589, 1862, 1502, 1256, 4546, 3091
00:01:38.760, 00:02:01.194
4116, 1466, 2157, 1942, 1495, 1255, 4842, 2507
00:02:08.030, 00:02:30.310

59528
profile_test_data/1X39XX45_Googleplex_openApp_thru_navigation/a:/08-03-2020--00:49:34
4049, 1011, 2551, 2316, 1543, 1234, 4265, 2908
00:00:42.113, 00:01:04.490
4118, 1397, 1968, 1903, 1468, 1267, 5050, 2290
00:01:11.545, 00:01:33.506
3945, 1474, 1990, 1899, 1633, 1363, 4349, 2714
00:01:40.617, 00:02:02.484
4098, 993, 2754, 1902, 1499, 1246, 4920, 2934
00:02:09.654, 00:02:32.500

45076
profile_test_data/1X39XX45_Googleplex_openApp_thru_navigation/e:/08-03-2020--00:52:44
4464, 1028, 2906, 1404, 1908, 1251, 5109, 3300
00:00:43.643, 00:01:07.513
4608, 1007, 2764, 1897, 1529, 1240, 4772, 3121
00:01:15.137, 00:01:38.575
4489, 1810, 2119, 1845, 1697, 1391, 3889, 3128
00:01:45.733, 00:02:08.601
5259, 1094, 2722, 1744, 1669, 1354, 4485, 3881
00:02:15.803, 00:02:40.511

58272
profile_test_data/1X39XX45_Googleplex_openApp_thru_navigation/e:m-INTERSECTED-5/08-03-2020--00:55:57
3916, 1421, 1934, 1710, 1598, 1266, 4607, 2407
00:00:42.393, 00:01:03.752
4064, 1495, 2185, 1828, 1535, 1373, 4873, 3079
00:01:10.813, 00:01:33.745
4120, 1501, 1967, 1828, 1499, 1383, 4674, 2387
00:01:40.883, 00:02:02.742
4166, 1441, 2046, 1957, 1485, 1382, 4519, 2393
00:02:09.727, 00:02:31.616

61200
profile_test_data/1X39XX45_Googleplex_openApp_thru_navigation/e:m/08-03-2020--00:59:04
3873, 1027, 2283, 1655, 1531, 1166, 4552, 2172
00:00:41.809, 00:01:02.568
3906, 1357, 1890, 1574, 1554, 1264, 4676, 2119
00:01:09.305, 00:01:30.145
3867, 976, 2574, 1776, 1585, 1244, 4389, 2238
00:01:36.751, 00:01:57.900
4139, 1026, 2495, 1823, 1602, 1252, 4471, 2170
00:02:04.871, 00:02:26.349

59280
profile_test_data/1X39XX45_Googleplex_openApp_thru_navigation/e:mmmmm-INTERSECTED-5/08-03-2020--01:02:12
3834, 991, 2401, 1864, 1447, 1135, 4995, 2300
00:00:42.847, 00:01:04.314
3825, 1452, 1942, 1992, 1451, 1388, 4548, 2296
00:01:11.013, 00:01:32.407
4023, 1445, 2013, 1909, 1557, 1342, 4687, 2228
00:01:38.798, 00:02:00.502
3968, 1451, 1834, 1871, 1553, 1259, 4330, 2218
00:02:07.984, 00:02:28.968

61700
profile_test_data/1X39XX45_Googleplex_openApp_thru_navigation/e:mmmmm/08-03-2020--01:05:18
3757, 1361, 1939, 2007, 1536, 1324, 4235, 2092
00:00:41.724, 00:01:02.475
3871, 1481, 2261, 1854, 1563, 1231, 4911, 2127
00:01:09.890, 00:01:31.689
3890, 1041, 2442, 1893, 1499, 1176, 4532, 2343
00:01:38.350, 00:01:59.666
3991, 1008, 2491, 1882, 1446, 1217, 4977, 2161
00:02:06.468, 00:02:28.141

59528
profile_test_data/1X39XX45_Googleplex_openApp_thru_navigation/s:/08-03-2020--01:08:23
3769, 1026, 2502, 1927, 1587, 1219, 4612, 2309
00:00:42.447, 00:01:03.898
3992, 1415, 2268, 2105, 1538, 1259, 4129, 2221
00:01:11.275, 00:01:32.702
3838, 1413, 2131, 1998, 1568, 1318, 4224, 2232
00:01:39.280, 00:02:00.502
4031, 1098, 2611, 1812, 1465, 1166, 4258, 2260
00:02:07.291, 00:02:28.492

59528
profile_test_data/1X39XX45_Googleplex_openApp_thru_navigation/a:/08-03-2020--01:11:28
3975, 1009, 2433, 1804, 1485, 1137, 4540, 2262
00:00:42.662, 00:01:03.807
3857, 1006, 2501, 1837, 1598, 1207, 4419, 2199
00:01:10.695, 00:01:31.819
4047, 1076, 2383, 1897, 1574, 1166, 4714, 2306
00:01:38.581, 00:02:00.244
4391, 993, 2437, 1805, 1540, 1229, 4338, 2562
00:02:07.004, 00:02:28.799

45076
profile_test_data/1X39XX45_Googleplex_openApp_thru_navigation/e:/08-03-2020--01:14:24
4442, 1044, 2836, 1708, 1571, 1215, 4705, 2313
00:00:42.110, 00:01:04.444
4632, 1043, 2736, 1765, 1632, 1199, 4917, 2402
00:01:11.280, 00:01:34.106
4477, 1056, 2686, 1578, 1630, 1150, 5677, 2611
00:01:41.120, 00:02:04.485
5015, 927, 3160, 1871, 1448, 1221, 4755, 2440
00:02:11.455, 00:02:34.792

58272
profile_test_data/1X39XX45_Googleplex_openApp_thru_navigation/e:m-INTERSECTED-5/08-03-2020--01:17:28
4110, 1009, 2671, 1795, 1603, 1180, 4479, 2319
00:00:41.776, 00:01:03.442
4106, 1450, 2202, 1839, 1571, 1337, 4483, 2278
00:01:11.095, 00:01:32.861
4372, 1456, 2381, 1829, 1502, 1230, 4944, 2398
00:01:39.678, 00:02:02.290
4097, 977, 2486, 1820, 1554, 1342, 4046, 2189
00:02:09.957, 00:02:30.968

61200
profile_test_data/1X39XX45_Googleplex_openApp_thru_navigation/e:m/08-03-2020--01:20:56
4716, 1372, 1982, 1828, 1578, 1275, 4906, 2165
00:00:42.822, 00:01:05.144
3932, 1380, 1936, 1862, 1546, 1358, 4378, 2078
00:01:11.877, 00:01:32.847
3697, 1432, 2089, 2027, 1593, 1266, 4728, 2248
00:01:39.786, 00:02:01.366
4040, 994, 2505, 1747, 1581, 1179, 4726, 2125
00:02:08.837, 00:02:30.234

59280
profile_test_data/1X39XX45_Googleplex_openApp_thru_navigation/e:mmmmm-INTERSECTED-5/08-03-2020--01:24:09
3982, 999, 2522, 1829, 1568, 1134, 4713, 2333
00:00:42.043, 00:01:03.623
4034, 1007, 2560, 1814, 1460, 1207, 4557, 2228
00:01:10.459, 00:01:31.826
3798, 1452, 1951, 1786, 1451, 1292, 4703, 2490
00:01:38.626, 00:02:00.049
4125, 1110, 2346, 1862, 1555, 1195, 5093, 2151
00:02:07.420, 00:02:29.357

61700
profile_test_data/1X39XX45_Googleplex_openApp_thru_navigation/e:mmmmm/08-03-2020--01:27:20
4894, 1414, 1877, 1760, 1560, 1315, 4815, 2073
00:00:40.557, 00:01:02.765
3794, 1027, 2250, 1725, 1517, 1154, 4549, 2211
00:01:09.471, 00:01:30.198
3836, 1444, 1926, 1730, 1532, 1195, 5205, 2203
00:01:37.649, 00:01:59.220
3882, 1383, 1984, 1948, 1560, 1320, 4278, 2142
00:02:06.581, 00:02:27.578

59528
profile_test_data/1X39XX45_Googleplex_openApp_thru_navigation/s:/08-03-2020--01:30:40
3988, 988, 2400, 1633, 1796, 1192, 5104, 2297
00:00:41.502, 00:01:03.400
4041, 1387, 2078, 1762, 1532, 1297, 4566, 2261
00:01:10.137, 00:01:31.561
4100, 975, 2346, 2611, 1508, 1221, 4249, 2238
00:01:38.309, 00:02:00.057
3982, 1420, 2086, 1874, 1444, 1270, 4709, 2334
00:02:07.488, 00:02:29.107

59528
profile_test_data/1X39XX45_Googleplex_openApp_thru_navigation/a:/08-03-2020--01:33:50
3977, 1411, 2412, 1700, 1451, 1309, 3997, 2317
00:00:42.809, 00:01:03.883
3820, 1435, 1878, 1660, 1528, 1255, 4368, 2410
00:01:10.691, 00:01:31.545
3906, 1355, 1979, 1701, 1890, 1282, 4489, 2317
00:01:38.242, 00:01:59.661
3868, 1396, 2054, 1852, 1454, 1260, 4504, 2295
00:02:06.392, 00:02:27.575

45076
profile_test_data/1X39XX45_Googleplex_openApp_thru_navigation/e:/08-03-2020--01:36:49
4547, 1578, 2233, 2013, 1472, 1341, 5264, 2482
00:00:41.655, 00:01:05.085
4644, 1108, 2630, 1855, 1599, 1210, 4306, 2352
00:01:12.604, 00:01:34.808
4608, 994, 2930, 1904, 1583, 1183, 4160, 2502
00:01:42.007, 00:02:04.371
4553, 994, 2770, 2017, 1562, 1177, 4802, 2462
00:02:12.082, 00:02:34.919

58272
profile_test_data/1X39XX45_Googleplex_openApp_thru_navigation/e:m-INTERSECTED-5/08-03-2020--01:40:07
4040, 1009, 2372, 1916, 1564, 1205, 4712, 2190
00:00:42.496, 00:01:04.004
4113, 942, 2493, 1953, 1488, 1197, 4307, 2337
00:01:10.652, 00:01:31.982
3934, 1026, 2321, 1925, 1453, 1133, 4831, 2281
00:01:39.447, 00:02:00.851
3930, 1380, 2068, 1847, 1545, 1264, 4697, 2233
00:02:08.308, 00:02:29.772

61200
profile_test_data/1X39XX45_Googleplex_openApp_thru_navigation/e:m/08-03-2020--01:43:23
3729, 1025, 2269, 1911, 1555, 1156, 5335, 2191
00:00:41.674, 00:01:03.345
3962, 1438, 2094, 1881, 1440, 1263, 4192, 2178
00:01:10.082, 00:01:31.030
3809, 965, 2406, 1696, 1535, 1171, 4525, 2193
00:01:37.363, 00:01:58.163
4848, 1007, 2598, 1824, 1548, 1145, 4726, 2062
00:02:04.991, 00:02:27.249

59280
profile_test_data/1X39XX45_Googleplex_openApp_thru_navigation/e:mmmmm-INTERSECTED-5/08-03-2020--01:46:20
4011, 1394, 2020, 1824, 1570, 1323, 4417, 2374
00:00:42.652, 00:01:04.085
3752, 1324, 2091, 1823, 1586, 1312, 5087, 2201
00:01:10.813, 00:01:32.489
4178, 1344, 2085, 1906, 1491, 1260, 3954, 2411
00:01:39.356, 00:02:00.485
4274, 1009, 2325, 1832, 1475, 1159, 4347, 2303
00:02:07.385, 00:02:28.609

61700
profile_test_data/1X39XX45_Googleplex_openApp_thru_navigation/e:mmmmm/08-03-2020--01:49:15
4344, 977, 2298, 1700, 1466, 1202, 4927, 3034
00:00:42.043, 00:01:04.491
3894, 1391, 2107, 1767, 1526, 1231, 4726, 2054
00:01:10.964, 00:01:32.160
4929, 1360, 2026, 1771, 1452, 1317, 4806, 2110
00:01:38.870, 00:02:01.141
3872, 1420, 1930, 1737, 1774, 1296, 4042, 2040
00:02:07.802, 00:02:28.413

59528
profile_test_data/1X39XX45_Googleplex_openApp_thru_navigation/s:/08-03-2020--01:52:10
4005, 1386, 2115, 1789, 1460, 1237, 4762, 2215
00:00:41.449, 00:01:02.918
3990, 993, 2531, 1801, 1462, 1398, 5850, 2182
00:01:09.601, 00:01:32.308
3829, 959, 2313, 1773, 1562, 1165, 4150, 2191
00:01:39.685, 00:02:00.127
3832, 1025, 2376, 1761, 1563, 1184, 5223, 2332
00:02:06.811, 00:02:28.607

59528
profile_test_data/1X39XX45_Googleplex_openApp_thru_navigation/a:/08-03-2020--01:55:11
3973, 991, 2359, 1933, 1560, 1199, 4553, 2257
00:00:42.892, 00:01:04.217
3906, 962, 2480, 1781, 1534, 1160, 4743, 2280
00:01:10.914, 00:01:32.260
3985, 1344, 1959, 1775, 1558, 1189, 4888, 2255
00:01:38.924, 00:02:00.377
3886, 944, 2463, 1785, 1532, 1147, 4431, 2275
00:02:06.907, 00:02:27.870

45076
profile_test_data/1X39XX45_Googleplex_openApp_thru_navigation/e:/08-03-2020--01:58:07
4524, 1609, 2153, 1592, 1961, 1304, 5156, 2468
00:00:43.407, 00:01:06.674
4579, 1016, 2603, 1584, 1980, 1174, 5161, 2476
00:01:13.864, 00:01:36.937
4494, 979, 2683, 1935, 1600, 1191, 5108, 2493
00:01:43.953, 00:02:06.936
4541, 1059, 2846, 1841, 1484, 1489, 4906, 2644
00:02:13.902, 00:02:37.212

58272
profile_test_data/1X39XX45_Googleplex_openApp_thru_navigation/e:m-INTERSECTED-5/08-03-2020--02:01:10
4471, 977, 2454, 1992, 1530, 1157, 4419, 2243
00:00:42.182, 00:01:03.925
4080, 1009, 2466, 1830, 1549, 1146, 4283, 2349
00:01:10.732, 00:01:31.944
4040, 1028, 2460, 1761, 1542, 1210, 4583, 2261
00:01:38.514, 00:01:59.899
3933, 992, 2262, 1660, 1545, 1186, 4735, 2469
00:02:06.657, 00:02:27.939

61200
profile_test_data/1X39XX45_Googleplex_openApp_thru_navigation/e:m/08-03-2020--02:04:05
3747, 1415, 2017, 1558, 1555, 1214, 5362, 2181
00:00:41.763, 00:01:03.312
3740, 1009, 2289, 1707, 1552, 1190, 4799, 2150
00:01:09.678, 00:01:30.614
5317, 939, 2176, 1648, 1444, 1209, 3843, 2168
00:01:38.083, 00:01:59.327
3978, 1419, 2018, 1707, 1579, 1326, 4881, 2156
00:02:05.997, 00:02:27.561

59280
profile_test_data/1X39XX45_Googleplex_openApp_thru_navigation/e:mmmmm-INTERSECTED-5/08-03-2020--02:07:01
3995, 1010, 2326, 1881, 1556, 1377, 4397, 2183
00:00:42.319, 00:01:03.544
4088, 1377, 2586, 1906, 1440, 1272, 5257, 2302
00:01:10.429, 00:01:33.157
3947, 1419, 2101, 1923, 1532, 1278, 4837, 2255
00:01:39.995, 00:02:01.787
3945, 1191, 2461, 1954, 1572, 1213, 5317, 2228
00:02:08.407, 00:02:30.788

61700
profile_test_data/1X39XX45_Googleplex_openApp_thru_navigation/e:mmmmm/08-03-2020--02:10:31


59528
profile_test_data/1X39XX45_Googleplex_openApp_thru_navigation/s:/08-03-2020--02:12:04
3819, 1043, 2423, 1950, 1577, 1198, 4193, 2426
00:00:42.539, 00:01:03.668
4074, 1385, 1969, 1697, 1853, 1424, 4842, 2336
00:01:10.706, 00:01:32.786
4002, 1414, 2148, 1817, 1454, 1206, 4198, 2180
00:01:39.643, 00:02:00.562
3959, 976, 2358, 1863, 1542, 1180, 4428, 2276
00:02:07.307, 00:02:28.389

59528
profile_test_data/1X39XX45_Googleplex_openApp_thru_navigation/a:/08-03-2020--02:15:06
3986, 1041, 2438, 1927, 1451, 1177, 4747, 2340
00:00:42.772, 00:01:04.379
3980, 1382, 1849, 1869, 1590, 1237, 4816, 2159
00:01:11.138, 00:01:32.520
3862, 1026, 1577, 14784, 1548, 1130, 4439, 2157
00:01:39.168, 00:02:12.191
4492, 942, 2529, 1840, 1579, 1235, 4036, 3020
00:02:18.912, 00:02:41.085

45076
profile_test_data/1X39XX45_Googleplex_openApp_thru_navigation/e:/08-03-2020--02:18:18
4560, 993, 2866, 1950, 1459, 1186, 4637, 2413
00:00:42.260, 00:01:04.824
4492, 1075, 2683, 2032, 1484, 1177, 4770, 2394
00:01:11.978, 00:01:34.585
4614, 1522, 2121, 1853, 1607, 1206, 4837, 2454
00:01:42.311, 00:02:05.025
4532, 960, 2758, 1994, 1617, 1234, 4985, 2450
00:02:12.134, 00:02:35.164

58272
profile_test_data/1X39XX45_Googleplex_openApp_thru_navigation/e:m-INTERSECTED-5/08-03-2020--02:21:37
4389, 1468, 2136, 2047, 1560, 1246, 4760, 2235
00:00:42.150, 00:01:04.491
4048, 1042, 2520, 1950, 1459, 1163, 4367, 2334
00:01:12.318, 00:01:33.701
3993, 1022, 2333, 1730, 1841, 1197, 4361, 2238
00:01:40.490, 00:02:01.705
4074, 1443, 1963, 1800, 1584, 1265, 4739, 2311
00:02:08.807, 00:02:30.486

61200
profile_test_data/1X39XX45_Googleplex_openApp_thru_navigation/e:m/08-03-2020--02:24:34
3844, 1346, 1903, 1735, 1532, 1287, 4611, 2144
00:00:42.110, 00:01:03.012
3933, 1027, 2466, 1834, 1450, 1194, 4510, 2266
00:01:10.392, 00:01:31.572
3772, 1042, 2396, 1600, 1571, 1151, 5042, 2112
00:01:38.200, 00:01:59.386
4105, 977, 2429, 1607, 1465, 1139, 4406, 2208
00:02:06.077, 00:02:26.913

59280
profile_test_data/1X39XX45_Googleplex_openApp_thru_navigation/e:mmmmm-INTERSECTED-5/08-03-2020--02:27:25
4004, 1443, 1877, 1870, 1483, 1279, 4636, 2271
00:00:41.820, 00:01:03.183
3996, 1420, 2159, 1798, 1428, 1312, 6394, 2378
00:01:10.204, 00:01:33.589
4003, 1024, 2385, 1886, 1534, 1421, 4689, 2325
00:01:40.236, 00:02:02.003
4360, 1057, 2474, 2018, 1441, 1239, 4790, 2274
00:02:09.138, 00:02:31.291

61700
profile_test_data/1X39XX45_Googleplex_openApp_thru_navigation/e:mmmmm/08-03-2020--02:30:31
3813, 1007, 2397, 1951, 1564, 1154, 4728, 2067
00:00:41.733, 00:01:02.914
4033, 1009, 2300, 1725, 1775, 1407, 4416, 2147
00:01:09.715, 00:01:31.027
3809, 1370, 2019, 1882, 1569, 1380, 4919, 2141
00:01:37.733, 00:01:59.322
3965, 1368, 1927, 1828, 1584, 1320, 4496, 2079
00:02:06.033, 00:02:27.100

59528
profile_test_data/1X39XX45_Googleplex_openApp_thru_navigation/s:/08-03-2020--02:33:46
4316, 976, 2421, 1940, 1539, 1233, 4195, 2225
00:00:41.305, 00:01:02.650
3975, 1382, 1934, 1995, 1548, 1255, 4458, 2220
00:01:09.326, 00:01:30.593
3877, 1415, 2037, 1868, 1556, 1282, 4445, 2228
00:01:37.278, 00:01:58.486
4019, 1456, 1365, 2404, 1456, 1178, 4690, 2260
00:02:06.011, 00:02:27.339

59528
profile_test_data/1X39XX45_Googleplex_openApp_thru_navigation/a:/08-03-2020--02:36:49
4165, 1449, 2078, 1934, 1544, 1263, 4326, 2296
00:00:42.361, 00:01:03.916
4005, 972, 2458, 1897, 1525, 1183, 4490, 2306
00:01:10.676, 00:01:32.012
4070, 1432, 1925, 1695, 1888, 1318, 4154, 2225
00:01:38.808, 00:02:00.015
4054, 1462, 1905, 1942, 1560, 1263, 4171, 2246
00:02:06.825, 00:02:27.928

45076
profile_test_data/1X39XX45_Googleplex_openApp_thru_navigation/e:/08-03-2020--02:40:05
4612, 1007, 2613, 1648, 1927, 1232, 4251, 2812
00:00:42.877, 00:01:05.479
4555, 1587, 2016, 2013, 1542, 1329, 4935, 2370
00:01:12.311, 00:01:35.158
4385, 1512, 2078, 1905, 1591, 1251, 4867, 2548
00:01:42.305, 00:02:04.942
4552, 1044, 2574, 1918, 1565, 1161, 4882, 2446
00:02:11.829, 00:02:34.471

58272
profile_test_data/1X39XX45_Googleplex_openApp_thru_navigation/e:m-INTERSECTED-5/08-03-2020--02:43:13
3856, 1315, 2050, 1882, 1571, 1244, 4859, 2253
00:00:41.200, 00:01:02.730
4207, 1011, 2517, 1797, 1560, 1166, 5225, 2189
00:01:09.576, 00:01:31.748
4013, 1392, 2082, 1816, 1536, 1306, 4495, 2206
00:01:38.510, 00:01:59.856
3994, 1027, 2452, 1859, 1453, 1230, 4554, 2450
00:02:06.666, 00:02:28.185

61200
profile_test_data/1X39XX45_Googleplex_openApp_thru_navigation/e:m/08-03-2020--02:46:17
3952, 1331, 2111, 1822, 1561, 1355, 3666, 2602
00:00:40.975, 00:01:01.875
3945, 1410, 2067, 1856, 1442, 1236, 4699, 2172
00:01:09.404, 00:01:30.731
3872, 1496, 1945, 1705, 1524, 1300, 4428, 2244
00:01:38.159, 00:01:59.173
3771, 1407, 2042, 1852, 1591, 1242, 4486, 3737
00:02:06.057, 00:02:28.685

59280
profile_test_data/1X39XX45_Googleplex_openApp_thru_navigation/e:mmmmm-INTERSECTED-5/08-03-2020--02:49:20
3935, 1025, 2635, 1491, 1739, 1207, 4372, 2246
00:00:43.128, 00:01:04.278
3851, 10493, 2145, 1848, 1469, 1303, 4170, 2292
00:01:11.036, 00:01:41.107
4058, 1045, 2544, 1833, 1468, 1160, 4499, 2368
00:01:47.921, 00:02:09.396
4161, 974, 2544, 1881, 1450, 1158, 4156, 2380
00:02:16.571, 00:02:37.775

61700
profile_test_data/1X39XX45_Googleplex_openApp_thru_navigation/e:mmmmm/08-03-2020--02:52:30
4881, 1025, 2434, 1733, 1570, 1219, 4451, 2129
00:00:41.438, 00:01:03.380
4190, 1449, 1829, 1687, 1507, 1265, 4914, 2082
00:01:10.248, 00:01:31.671
3738, 1491, 1991, 1828, 1528, 1253, 4709, 2079
00:01:38.280, 00:01:59.397
3976, 1043, 2365, 1745, 1791, 1210, 5080, 2280
00:02:06.310, 00:02:28.300

59528
profile_test_data/1X39XX45_Googleplex_openApp_thru_navigation/s:/08-03-2020--02:55:25
3849, 1025, 2501, 1874, 1543, 1191, 4789, 2260
00:00:41.375, 00:01:02.907
4048, 1379, 1497, 2263, 1553, 1288, 4147, 2260
00:01:09.656, 00:01:30.591
3985, 1420, 2121, 1818, 1546, 1299, 4046, 2262
00:01:37.309, 00:01:58.306
3842, 996, 2436, 2014, 1596, 1209, 4806, 2250
00:02:05.204, 00:02:26.853

59528
profile_test_data/1X39XX45_Googleplex_openApp_thru_navigation/a:/08-03-2020--02:58:18
4258, 992, 2925, 1587, 1747, 1163, 4498, 2264
00:00:41.698, 00:01:03.632
4023, 1012, 2524, 1940, 1578, 1589, 4909, 2253
00:01:10.942, 00:01:33.270
4098, 1010, 2606, 1819, 1477, 1250, 4151, 2254
00:01:39.866, 00:02:01.031
4045, 1362, 2082, 2019, 1463, 1324, 4104, 2240
00:02:08.623, 00:02:29.762

45076
profile_test_data/1X39XX45_Googleplex_openApp_thru_navigation/e:/08-03-2020--03:01:15
4473, 1090, 2590, 1874, 1572, 1180, 5067, 2571
00:00:43.720, 00:01:06.637
4626, 1060, 2428, 1934, 1521, 1208, 5205, 2437
00:01:13.538, 00:01:36.457
4618, 1573, 2076, 2018, 1529, 1274, 4756, 2336
00:01:44.284, 00:02:06.964
4558, 1592, 2418, 1987, 1538, 1688, 5073, 2645
00:02:14.598, 00:02:38.597

58272
profile_test_data/1X39XX45_Googleplex_openApp_thru_navigation/e:m-INTERSECTED-5/08-03-2020--03:04:19
3804, 1075, 2366, 1893, 1573, 1207, 4386, 2323
00:00:42.318, 00:01:03.445
3981, 1574, 2046, 1914, 2077, 1275, 4198, 2360
00:01:10.236, 00:01:32.161
4123, 1404, 1885, 1800, 1556, 1298, 4833, 2409
00:01:39.030, 00:02:00.838
4554, 1439, 1958, 1773, 1521, 1306, 4734, 2568
00:02:07.838, 00:02:30.191

61200
profile_test_data/1X39XX45_Googleplex_openApp_thru_navigation/e:m/08-03-2020--03:07:17
3848, 1028, 2361, 1582, 1535, 1200, 3950, 2403
00:00:41.490, 00:01:01.897
3825, 992, 2257, 1878, 1567, 1204, 3331, 2265
00:01:08.892, 00:01:28.711
3776, 1406, 1876, 1704, 1542, 1303, 4548, 2212
00:01:35.521, 00:01:56.388
4121, 992, 2352, 1770, 1454, 1170, 4615, 2193
00:02:03.936, 00:02:25.103

59280
profile_test_data/1X39XX45_Googleplex_openApp_thru_navigation/e:mmmmm-INTERSECTED-5/08-03-2020--03:10:10
3999, 1011, 2869, 1937, 1472, 1152, 4754, 2236
00:00:41.598, 00:01:03.528
4043, 1024, 2468, 1919, 1424, 1145, 4705, 2253
00:01:10.404, 00:01:31.885
3867, 973, 2321, 1810, 1584, 1168, 4382, 2182
00:01:39.319, 00:02:00.106
3983, 1006, 2418, 1932, 1495, 1250, 4683, 2413
00:02:06.841, 00:02:28.521

61700
profile_test_data/1X39XX45_Googleplex_openApp_thru_navigation/e:mmmmm/08-03-2020--03:13:06
3796, 1025, 2356, 1796, 1537, 1166, 4441, 2235
00:00:42.319, 00:01:03.171
4798, 1043, 2272, 1816, 1521, 1134, 4868, 2141
00:01:09.549, 00:01:31.642
4042, 1408, 2055, 1715, 1566, 1255, 4148, 2132
00:01:38.571, 00:01:59.392
3981, 1006, 2280, 1726, 1529, 1227, 4051, 2194
00:02:06.858, 00:02:27.352

59528
profile_test_data/1X39XX45_Googleplex_openApp_thru_navigation/s:/08-03-2020--03:16:13
4329, 1384, 2225, 1917, 1445, 1242, 4111, 3091
00:00:42.400, 00:01:04.644
3793, 1441, 2084, 1852, 1454, 1274, 4642, 2472
00:01:11.066, 00:01:32.578
4146, 1416, 1900, 1915, 1455, 1274, 4384, 2616
00:01:40.032, 00:02:01.638
4021, 1441, 1928, 1806, 1601, 1289, 4653, 2427
00:02:08.164, 00:02:29.830

59528
profile_test_data/1X39XX45_Googleplex_openApp_thru_navigation/a:/08-03-2020--03:19:19
3915, 1425, 2343, 1847, 1543, 1335, 4498, 2423
00:00:43.528, 00:01:05.357
4038, 1058, 2363, 2617, 1588, 1198, 4031, 2350
00:01:12.459, 00:01:34.202
4042, 1419, 1953, 1909, 1531, 1240, 4492, 2322
00:01:41.893, 00:02:03.301
4123, 1384, 1934, 1792, 1526, 1594, 4320, 2408
00:02:10.821, 00:02:32.402

45076
profile_test_data/1X39XX45_Googleplex_openApp_thru_navigation/e:/08-03-2020--03:22:39
4410, 1581, 2058, 1897, 1579, 1363, 4987, 2460
00:00:42.390, 00:01:05.225
4455, 1028, 2769, 2223, 1552, 1265, 5094, 2288
00:01:12.988, 00:01:36.162
5343, 1530, 2068, 2661, 1578, 1242, 4073, 2641
00:01:43.696, 00:02:07.332
5178, 1587, 2049, 1634, 1932, 1286, 4877, 2707
00:02:14.405, 00:02:38.155

58272
profile_test_data/1X39XX45_Googleplex_openApp_thru_navigation/e:m-INTERSECTED-5/08-03-2020--03:25:50
3979, 1009, 2529, 1719, 1452, 1202, 4729, 2403
00:00:44.921, 00:01:06.443
4133, 995, 2294, 1697, 1536, 1130, 5129, 2529
00:01:13.533, 00:01:35.476
4622, 1453, 2067, 1847, 1486, 1326, 3901, 3674
00:01:42.499, 00:02:05.375
4092, 1389, 1977, 1808, 1468, 1336, 4231, 2880
00:02:11.701, 00:02:33.382

61200
profile_test_data/1X39XX45_Googleplex_openApp_thru_navigation/e:m/08-03-2020--03:28:56
3809, 1391, 2046, 1697, 1569, 1223, 4001, 2783
00:00:43.398, 00:01:04.417
3950, 1024, 2520, 1693, 1454, 1159, 4404, 2265
00:01:11.528, 00:01:32.497
3872, 1380, 2087, 1834, 1598, 2002, 4678, 2520
00:01:39.879, 00:02:02.350
3957, 1421, 2431, 1754, 1450, 1207, 4745, 2309
00:02:08.726, 00:02:30.500

59280
profile_test_data/1X39XX45_Googleplex_openApp_thru_navigation/e:mmmmm-INTERSECTED-5/08-03-2020--03:32:05
3958, 977, 2213, 1816, 1487, 1228, 4857, 2481
00:00:43.771, 00:01:05.288
4040, 1461, 1981, 1823, 1528, 1283, 5588, 2489
00:01:12.320, 00:01:35.013
4510, 1399, 2033, 1845, 1519, 1381, 4165, 2348
00:01:41.629, 00:02:03.329
4125, 1461, 2162, 2003, 1533, 1332, 5393, 2347
00:02:10.417, 00:02:33.273

61700
profile_test_data/1X39XX45_Googleplex_openApp_thru_navigation/e:mmmmm/08-03-2020--03:35:10
3865, 1486, 2059, 1754, 1534, 1176, 4805, 2594
00:00:41.031, 00:01:02.804
4069, 1398, 1885, 1800, 1558, 1261, 4672, 2288
00:01:10.371, 00:01:31.802
3792, 1402, 2509, 1732, 1551, 1261, 5166, 2682
00:01:38.280, 00:02:00.875
4201, 1022, 2331, 1705, 1498, 1117, 5001, 2896
00:02:08.608, 00:02:30.879

59528
profile_test_data/1X39XX45_Googleplex_openApp_thru_navigation/s:/08-03-2020--03:38:14
3968, 1365, 1896, 2658, 1524, 1280, 4545, 3055
00:00:40.989, 00:01:03.780
3834, 1396, 1881, 1773, 1489, 1298, 4574, 2813
00:01:11.464, 00:01:33.022
3859, 1392, 1908, 1825, 1564, 1323, 5839, 2836
00:01:40.004, 00:02:03.050
3852, 1010, 2522, 1830, 1540, 1142, 4458, 2949
00:02:10.024, 00:02:31.827

59528
profile_test_data/1X39XX45_Googleplex_openApp_thru_navigation/a:/08-03-2020--03:41:28
3789, 1387, 1950, 1904, 1568, 1326, 4458, 2583
00:00:43.466, 00:01:04.931
4057, 1397, 1910, 1920, 1541, 1170, 4541, 2816
00:01:12.016, 00:01:33.868
5029, 1112, 2230, 1953, 1424, 1134, 4695, 2662
00:01:41.061, 00:02:03.800
4092, 1465, 2162, 1828, 1568, 1582, 4202, 2250
00:02:10.249, 00:02:31.898

45076
profile_test_data/1X39XX45_Googleplex_openApp_thru_navigation/e:/08-03-2020--03:44:46
4697, 1464, 2110, 1903, 1549, 1251, 5227, 3109
00:00:41.795, 00:01:05.605
4658, 1455, 2084, 1581, 1927, 1232, 4500, 2981
00:01:12.714, 00:01:35.632
4588, 1545, 2125, 1870, 1600, 1297, 5185, 3210
00:01:42.712, 00:02:06.632
4413, 1517, 2071, 1632, 2147, 1419, 4949, 3210
00:02:13.836, 00:02:37.694

58272
profile_test_data/1X39XX45_Googleplex_openApp_thru_navigation/e:m-INTERSECTED-5/08-03-2020--03:48:07
4006, 992, 2268, 1744, 1573, 1154, 4725, 2468
00:00:43.380, 00:01:04.810
4068, 1418, 1926, 1759, 1572, 1287, 4213, 2313
00:01:11.807, 00:01:32.863
4129, 1392, 1951, 1781, 1534, 1203, 4935, 2380
00:01:39.988, 00:02:01.793
3959, 999, 2276, 1779, 1538, 1164, 5009, 2703
00:02:08.793, 00:02:30.720

61200
profile_test_data/1X39XX45_Googleplex_openApp_thru_navigation/e:m/08-03-2020--03:51:16
3942, 1440, 1831, 778, 1689, 1282, 4905, 2927
00:00:42.341, 00:01:03.635
4038, 995, 2406, 1712, 1560, 1469, 4590, 2875
00:01:11.490, 00:01:33.635
3800, 1043, 2341, 1762, 1563, 1180, 4547, 2548
00:01:41.353, 00:02:02.637
3909, 1369, 1508, 2135, 1521, 1229, 4553, 2633
00:02:10.273, 00:02:31.630

59280
profile_test_data/1X39XX45_Googleplex_openApp_thru_navigation/e:mmmmm-INTERSECTED-5/08-03-2020--03:54:26
3852, 1357, 1873, 1824, 1556, 1289, 5003, 2709
00:00:42.465, 00:01:04.428
4102, 1459, 1909, 1852, 1537, 1583, 4090, 2784
00:01:11.521, 00:01:33.337
3866, 990, 2270, 1820, 1712, 1213, 4917, 2201
00:01:40.982, 00:02:02.471
4051, 1393, 1998, 1914, 1548, 1276, 3805, 3306
00:02:09.657, 00:02:31.448

61700
profile_test_data/1X39XX45_Googleplex_openApp_thru_navigation/e:mmmmm/08-03-2020--03:57:27
3769, 1029, 2279, 1831, 1546, 1166, 4344, 2438
00:00:42.762, 00:01:03.664
4073, 1360, 2106, 1688, 1436, 1325, 4084, 2402
00:01:10.575, 00:01:31.549
4072, 998, 2152, 1825, 1533, 1165, 4399, 2860
00:01:38.039, 00:01:59.543
3792, 1010, 2710, 1533, 1773, 1218, 4261, 2830
00:02:05.936, 00:02:27.563

59528
profile_test_data/1X39XX45_Googleplex_openApp_thru_navigation/s:/08-03-2020--04:00:35
3936, 1044, 2321, 1974, 1553, 1699, 4886, 2552
00:00:42.397, 00:01:04.862
3980, 1423, 1964, 1813, 1488, 1199, 3937, 2389
00:01:11.976, 00:01:32.669
3825, 1126, 2443, 1780, 1506, 1130, 3902, 2260
00:01:40.314, 00:02:00.786
4591, 1008, 2474, 1954, 1523, 1697, 4695, 2988
00:02:08.435, 00:02:31.865

59528
profile_test_data/1X39XX45_Googleplex_openApp_thru_navigation/a:/08-03-2020--04:03:46
3856, 1348, 1889, 1752, 1561, 1567, 4641, 2642
00:00:41.624, 00:01:03.380
4053, 1439, 2107, 1900, 1457, 1332, 4052, 2830
00:01:09.789, 00:01:31.459
4880, 991, 2539, 1930, 1536, 1183, 5146, 2268
00:01:38.561, 00:02:01.534
4000, 1451, 1900, 1703, 1555, 1177, 4361, 2174
00:02:08.655, 00:02:29.476

45076
profile_test_data/1X39XX45_Googleplex_openApp_thru_navigation/e:/08-03-2020--04:06:45
4400, 1013, 2546, 1865, 1516, 1165, 4828, 3163
00:00:43.615, 00:01:06.611
5053, 1024, 2617, 1695, 1940, 1260, 4914, 3044
00:01:13.615, 00:01:37.662
4480, 1592, 2097, 1594, 1919, 1342, 4995, 3237
00:01:44.808, 00:02:08.564
5120, 1025, 2650, 1860, 1509, 1216, 4320, 3609
00:02:15.657, 00:02:39.466

58272
profile_test_data/1X39XX45_Googleplex_openApp_thru_navigation/e:m-INTERSECTED-5/08-03-2020--04:09:51
4046, 1413, 2197, 1656, 1465, 1261, 4070, 3154
00:00:41.902, 00:01:03.664
3935, 1027, 2289, 1645, 1467, 1154, 3568, 3026
00:01:10.082, 00:01:30.693
4172, 1509, 2182, 1098, 1461, 1241, 4752, 2408
00:01:38.400, 00:01:59.723
4069, 1508, 1975, 1872, 1571, 1372, 4606, 2882
00:02:07.422, 00:02:29.777

61200
profile_test_data/1X39XX45_Googleplex_openApp_thru_navigation/e:m/08-03-2020--04:12:52
3818, 1436, 2462, 1590, 1587, 1183, 4173, 3247
00:00:42.037, 00:01:04.033
4046, 1402, 2142, 1686, 1552, 1254, 4780, 2294
00:01:11.099, 00:01:32.755
3765, 978, 2458, 1789, 1445, 1170, 4319, 2281
00:01:39.251, 00:01:59.956
3997, 976, 2276, 1767, 1521, 1136, 4233, 2515
00:02:07.031, 00:02:27.952

59280
profile_test_data/1X39XX45_Googleplex_openApp_thru_navigation/e:mmmmm-INTERSECTED-5/08-03-2020--04:15:49
3987, 1016, 2400, 2619, 1510, 1194, 4260, 3018
00:00:42.135, 00:01:04.639
4274, 1047, 2395, 1780, 1535, 1219, 3662, 2215
00:01:10.990, 00:01:31.617
3812, 993, 2352, 1935, 1533, 1152, 4521, 3040
00:01:38.720, 00:02:00.558
4032, 1005, 2423, 1640, 1891, 1252, 4502, 2663
00:02:07.655, 00:02:29.563

61700
profile_test_data/1X39XX45_Googleplex_openApp_thru_navigation/e:mmmmm/08-03-2020--04:18:47
3856, 990, 2410, 1797, 1686, 1144, 5160, 1954
00:00:44.718, 00:01:06.215
3976, 1400, 1961, 1728, 1500, 1182, 4179, 2333
00:01:13.247, 00:01:34.006
4015, 1007, 2402, 2253, 1265, 1436, 4688, 2039
00:01:41.545, 00:02:03.150
3858, 1009, 2365, 1860, 1599, 1153, 4605, 2880
00:02:10.207, 00:02:32.036

59528
profile_test_data/1X39XX45_Googleplex_openApp_thru_navigation/s:/08-03-2020--04:21:47
3833, 958, 2374, 1856, 1571, 1169, 4271, 2511
00:00:42.835, 00:01:03.878
4461, 1008, 2343, 1796, 1573, 1255, 3969, 3111
00:01:10.954, 00:01:32.970
4113, 1444, 1991, 1950, 1528, 1349, 4449, 2425
00:01:40.011, 00:02:01.760
4054, 1429, 2161, 1972, 1514, 1288, 4576, 3162
00:02:09.318, 00:02:31.974

59528
profile_test_data/1X39XX45_Googleplex_openApp_thru_navigation/a:/08-03-2020--04:24:59
3940, 992, 2438, 1787, 1573, 1173, 4603, 2415
00:00:42.188, 00:01:03.609
3877, 1012, 2509, 1789, 1449, 1145, 4907, 2375
00:01:10.082, 00:01:31.645
4027, 1506, 1948, 1695, 1550, 1210, 4062, 2465
00:01:39.583, 00:02:00.546
4022, 1367, 1980, 1691, 1456, 1223, 4533, 2748
00:02:08.202, 00:02:29.722

45076
profile_test_data/1X39XX45_Googleplex_openApp_thru_navigation/e:/08-03-2020--04:27:59
4497, 1486, 2020, 1831, 1476, 1230, 4392, 2774
00:00:44.523, 00:01:06.729
4483, 1518, 2194, 1659, 1946, 1254, 4739, 3610
00:01:14.733, 00:01:38.636
4563, 1058, 2804, 1792, 1521, 1245, 4313, 3995
00:01:45.721, 00:02:09.512
4534, 1576, 2192, 1795, 1539, 1345, 4084, 2944
00:02:17.178, 00:02:39.687

58272
profile_test_data/1X39XX45_Googleplex_openApp_thru_navigation/e:m-INTERSECTED-5/08-03-2020--04:31:06
4000, 1479, 1853, 1686, 1555, 1255, 3686, 2896
00:00:41.998, 00:01:02.908
4373, 994, 2488, 1840, 1503, 1137, 4664, 2701
00:01:10.609, 00:01:32.809
4147, 1429, 1947, 1810, 1577, 1211, 4727, 3102
00:01:40.464, 00:02:02.914
4094, 942, 2441, 1861, 1477, 1196, 4028, 2999
00:02:10.479, 00:02:32.017

61200
profile_test_data/1X39XX45_Googleplex_openApp_thru_navigation/e:m/08-03-2020--04:34:09
3765, 1010, 2288, 1704, 1573, 1164, 5010, 2392
00:00:41.828, 00:01:03.234
4015, 1335, 1897, 1650, 1558, 1279, 4439, 2256
00:01:10.241, 00:01:31.170
3789, 1024, 2920, 1700, 1544, 1176, 4724, 3138
00:01:38.595, 00:02:01.110
3954, 957, 2396, 1728, 1493, 1191, 5165, 2971
00:02:08.747, 00:02:31.102

59280
profile_test_data/1X39XX45_Googleplex_openApp_thru_navigation/e:mmmmm-INTERSECTED-5/08-03-2020--04:37:20
3827, 1521, 1915, 1838, 1586, 1218, 4297, 3565
00:00:42.866, 00:01:05.133
4015, 1436, 2382, 2313, 1473, 1495, 4421, 2426
00:01:12.827, 00:01:35.288
3839, 1093, 2376, 1915, 1541, 1200, 4174, 2475
00:01:42.260, 00:02:03.373
4041, 1406, 2125, 2369, 1543, 1287, 4345, 2351
00:02:11.308, 00:02:33.275

61700
profile_test_data/1X39XX45_Googleplex_openApp_thru_navigation/e:mmmmm/08-03-2020--04:40:22
3845, 1025, 2683, 1712, 1535, 1134, 4330, 2289
00:00:42.911, 00:01:03.964
3801, 1416, 2186, 1776, 1479, 1237, 4555, 2883
00:01:11.017, 00:01:32.850
3962, 1365, 2058, 1726, 1450, 1273, 5162, 2021
00:01:40.484, 00:02:02.001
4027, 1227, 2347, 1718, 1500, 1177, 4418, 2120
00:02:09.023, 00:02:30.057

59528
profile_test_data/1X39XX45_Googleplex_openApp_thru_navigation/s:/08-03-2020--04:43:21
4077, 992, 2473, 1968, 1544, 1201, 3935, 2439
00:00:42.328, 00:01:03.457
3808, 1424, 1904, 1940, 1557, 1231, 3910, 2658
00:01:10.441, 00:01:31.373
4142, 1409, 1989, 1954, 1890, 1215, 4323, 2487
00:01:38.454, 00:02:00.363
4142, 1398, 2020, 1850, 1493, 1299, 3770, 2476
00:02:07.521, 00:02:28.469

59528
profile_test_data/1X39XX45_Googleplex_openApp_thru_navigation/a:/08-03-2020--04:46:21
3990, 1495, 2196, 1716, 1548, 1263, 4720, 3759
00:01:08.704, 00:01:31.891
3804, 1426, 1958, 1946, 1529, 1234, 4220, 2882
00:01:39.561, 00:02:01.060
4082, 1353, 1946, 1959, 1513, 1317, 3941, 2260
00:02:08.116, 00:02:28.987
3938, 993, 2376, 1771, 1535, 1237, 4542, 2138
00:02:36.092, 00:02:57.122

45076
profile_test_data/1X39XX45_Googleplex_openApp_thru_navigation/e:/08-03-2020--04:49:50
4334, 1028, 2749, 1934, 1565, 1176, 4908, 2636
00:00:43.715, 00:01:06.545
5266, 2014, 2175, 1969, 1538, 1333, 4172, 2845
00:01:13.684, 00:01:37.496
4614, 1226, 2795, 1905, 1543, 1180, 4795, 3287
00:01:44.651, 00:02:08.496
4462, 1209, 2784, 1882, 1628, 1236, 4177, 3044
00:02:15.616, 00:02:38.538

58272
profile_test_data/1X39XX45_Googleplex_openApp_thru_navigation/e:m-INTERSECTED-5/08-03-2020--04:52:58
4014, 1468, 1998, 1885, 1501, 1295, 4223, 2602
00:00:42.684, 00:01:04.170
4179, 1491, 1987, 1771, 1469, 1363, 4178, 2998
00:01:11.240, 00:01:33.176
4019, 13600, 2440, 1658, 1823, 1151, 4396, 2479
00:01:40.090, 00:02:14.156
4705, 1009, 2374, 1778, 1510, 1205, 4666, 3344
00:02:21.169, 00:02:44.260

61200
profile_test_data/1X39XX45_Googleplex_openApp_thru_navigation/e:m/08-03-2020--04:56:12
3859, 1363, 2126, 1806, 1599, 1227, 4769, 2217
00:00:42.030, 00:01:03.496
4324, 1397, 1945, 1602, 1471, 1212, 4814, 2542
00:01:10.489, 00:01:32.296
3873, 1420, 1922, 1715, 1580, 1380, 4181, 3014
00:01:39.780, 00:02:01.365
3853, 1411, 2085, 1827, 1518, 1343, 4563, 3297
00:02:09.057, 00:02:31.454

59280
profile_test_data/1X39XX45_Googleplex_openApp_thru_navigation/e:mmmmm-INTERSECTED-5/08-03-2020--04:59:13
3933, 1026, 2388, 1892, 1578, 1180, 4343, 3600
00:00:43.527, 00:01:05.967
4049, 1045, 2495, 1861, 1542, 1247, 4830, 2385
00:01:13.080, 00:01:35.034
3956, 1464, 1976, 2707, 1539, 1295, 4015, 2401
00:01:42.155, 00:02:04.008
3995, 990, 2579, 2530, 1542, 1207, 4779, 2599
00:02:12.239, 00:02:34.960

61700
profile_test_data/1X39XX45_Googleplex_openApp_thru_navigation/e:mmmmm/08-03-2020--05:02:36
3767, 1077, 2264, 1713, 1538, 1201, 4676, 2221
00:00:41.783, 00:01:02.740
4577, 1394, 1853, 1918, 1470, 1265, 4589, 2336
00:01:09.652, 00:01:31.554
4367, 1472, 2027, 1620, 1790, 1368, 4358, 3175
00:01:39.100, 00:02:01.777
4010, 995, 2407, 1895, 1469, 1194, 4329, 2230
00:02:08.661, 00:02:29.690

59528
profile_test_data/1X39XX45_Googleplex_openApp_thru_navigation/s:/08-03-2020--05:05:58
3926, 1008, 2303, 1926, 1537, 1227, 4567, 2423
00:00:42.432, 00:01:03.849
4311, 1478, 1990, 1635, 1824, 1399, 4890, 3062
00:01:10.715, 00:01:33.804
4111, 11398, 2473, 1980, 1536, 1167, 4594, 3071
00:01:40.866, 00:02:13.696
4243, 993, 2797, 2396, 1504, 1159, 5106, 2850
00:02:21.313, 00:02:44.861

59528
profile_test_data/1X39XX45_Googleplex_openApp_thru_navigation/a:/08-03-2020--05:09:25
3908, 10403, 2071, 2171, 1563, 1291, 4293, 3026
00:00:42.130, 00:01:13.356
4713, 934, 2284, 2068, 1506, 1258, 3896, 3137
00:01:21.026, 00:01:43.322
4071, 1469, 2077, 1589, 1925, 1351, 4782, 3111
00:01:49.663, 00:02:12.538
4536, 977, 2438, 2665, 1517, 1970, 4598, 2718
00:02:19.518, 00:02:43.437

45076
profile_test_data/1X39XX45_Googleplex_openApp_thru_navigation/e:/08-03-2020--05:13:10
4897, 1011, 2601, 1722, 1616, 1210, 4909, 3311
00:00:42.098, 00:01:05.875
4481, 1429, 2695, 1806, 1564, 1224, 4388, 3604
00:01:13.077, 00:01:36.768
4874, 1602, 2098, 1829, 1521, 1341, 4110, 3449
00:01:44.437, 00:02:07.761
4481, 1628, 2155, 2547, 1569, 1291, 5071, 2951
00:02:15.679, 00:02:39.872

58272
profile_test_data/1X39XX45_Googleplex_openApp_thru_navigation/e:m-INTERSECTED-5/08-03-2020--05:16:28
3883, 961, 2427, 1615, 1799, 1146, 4744, 3301
00:00:42.500, 00:01:04.876
4129, 959, 2382, 1828, 1495, 1183, 4352, 2575
00:01:12.582, 00:01:33.985
4023, 1026, 2490, 1601, 1828, 1171, 5091, 2906
00:01:41.266, 00:02:03.902
4526, 1489, 1973, 1949, 1491, 1939, 4515, 2498
00:02:11.086, 00:02:33.966

61200
profile_test_data/1X39XX45_Googleplex_openApp_thru_navigation/e:m/08-03-2020--05:19:41
4577, 1026, 3195, 1829, 1556, 1172, 5001, 2380
00:00:41.672, 00:01:04.908
4119, 1041, 2528, 1832, 1605, 1225, 4737, 2209
00:01:11.353, 00:01:33.149
4582, 1455, 1897, 1800, 1530, 1279, 4354, 2395
00:01:40.270, 00:02:02.062
4010, 1418, 1996, 1723, 1734, 1230, 4575, 2535
00:02:09.348, 00:02:31.069

59280
profile_test_data/1X39XX45_Googleplex_openApp_thru_navigation/e:mmmmm-INTERSECTED-5/08-03-2020--05:23:03
4131, 989, 2490, 1968, 1527, 1249, 4506, 2632
00:00:42.354, 00:01:04.346
4149, 1409, 1991, 1671, 1820, 1310, 4405, 2606
00:01:11.496, 00:01:33.357
4618, 1042, 2555, 1940, 1519, 1232, 4396, 3187
00:01:40.437, 00:02:03.426
4039, 1438, 2047, 1635, 1823, 1296, 4757, 2939
00:02:09.871, 00:02:32.345

61700
profile_test_data/1X39XX45_Googleplex_openApp_thru_navigation/e:mmmmm/08-03-2020--05:26:12
3836, 1396, 1944, 1829, 1578, 1303, 4864, 2245
00:00:43.382, 00:01:04.877
4669, 1730, 2396, 1923, 1556, 1259, 4211, 2712
00:01:11.788, 00:01:34.744
3966, 1440, 1957, 1673, 1843, 1388, 4562, 2541
00:01:41.876, 00:02:03.746
3886, 1042, 2614, 2348, 1592, 1243, 3877, 2849
00:02:10.822, 00:02:32.773

59528
profile_test_data/1X39XX45_Googleplex_openApp_thru_navigation/s:/08-03-2020--05:29:23
4497, 1400, 2244, 1913, 1478, 1257, 4755, 2711
00:00:43.171, 00:01:05.926
4155, 1424, 2069, 1813, 1525, 1278, 4397, 2415
00:01:12.483, 00:01:34.059
4320, 1457, 1983, 2679, 1504, 1316, 4815, 2774
00:01:41.669, 00:02:05.017
4199, 1420, 1995, 1706, 1845, 1275, 4547, 2439
00:02:12.150, 00:02:34.076

59528
profile_test_data/1X39XX45_Googleplex_openApp_thru_navigation/a:/08-03-2020--05:32:36
4289, 1360, 1601, 3093, 1611, 1261, 5314, 2788
00:00:42.169, 00:01:05.986
4164, 1417, 1883, 1719, 1851, 1286, 4842, 3091
00:01:13.136, 00:01:35.889
3979, 1408, 2703, 1930, 1517, 1251, 4361, 2884
00:01:42.469, 00:02:05.002
4025, 994, 2473, 1683, 1601, 1180, 4330, 2845
00:02:12.282, 00:02:33.913

45076
profile_test_data/1X39XX45_Googleplex_openApp_thru_navigation/e:/08-03-2020--05:35:56
4969, 1025, 2744, 1900, 1577, 1242, 4544, 3414
00:00:43.535, 00:01:07.450
4718, 1041, 2657, 1737, 1555, 1225, 4355, 3070
00:01:14.639, 00:01:37.497
4556, 1556, 2152, 1880, 1556, 1344, 4871, 3133
00:01:44.895, 00:02:08.443
4520, 1077, 2758, 1652, 2013, 1286, 4381, 3574
00:02:15.565, 00:02:39.326

58272
profile_test_data/1X39XX45_Googleplex_openApp_thru_navigation/e:m-INTERSECTED-5/08-03-2020--05:39:11
3937, 1425, 1873, 1937, 1561, 1280, 5254, 2717
00:00:44.365, 00:01:06.849
4061, 992, 2457, 1670, 1807, 1241, 4764, 2512
00:01:13.938, 00:01:35.942
4083, 1450, 2026, 1744, 2174, 1387, 4754, 2511
00:01:43.122, 00:02:05.751
4104, 991, 2458, 1921, 1527, 1262, 4225, 2241
00:02:13.678, 00:02:34.907

61200
profile_test_data/1X39XX45_Googleplex_openApp_thru_navigation/e:m/08-03-2020--05:42:41
4091, 1407, 1876, 2658, 1519, 1225, 4369, 2441
00:00:43.175, 00:01:05.261
4031, 1160, 2334, 1824, 1540, 1160, 4295, 1915
00:01:11.353, 00:01:32.112
3782, 1442, 1905, 1868, 1592, 1332, 4673, 2446
00:01:39.396, 00:02:00.936
4002, 1453, 2001, 1859, 1481, 1358, 4262, 2707
00:02:07.360, 00:02:28.983

59280
profile_test_data/1X39XX45_Googleplex_openApp_thru_navigation/e:mmmmm-INTERSECTED-5/08-03-2020--05:45:53
4355, 1933, 2135, 2364, 1466, 1234, 4643, 2601
00:00:43.627, 00:01:06.858
4053, 1046, 2318, 1925, 1465, 1142, 4723, 2341
00:01:14.373, 00:01:35.886
3936, 1379, 2144, 2015, 1484, 1281, 5009, 2404
00:01:43.716, 00:02:05.868
4125, 1508, 2089, 1921, 1483, 1291, 4794, 2076
00:02:12.233, 00:02:34.020

61700
profile_test_data/1X39XX45_Googleplex_openApp_thru_navigation/e:mmmmm/08-03-2020--05:49:05
3799, 1319, 1902, 1732, 1754, 1274, 4035, 2027
00:00:42.576, 00:01:02.918
4287, 991, 2438, 2552, 1598, 1224, 4412, 3276
00:01:09.602, 00:01:32.880
4265, 942, 2352, 2673, 1452, 1213, 4363, 1805
00:01:39.412, 00:02:00.977
3960, 1428, 1975, 2597, 1562, 1359, 3966, 2320
00:02:07.232, 00:02:28.899

59528
profile_test_data/1X39XX45_Googleplex_openApp_thru_navigation/s:/08-03-2020--05:52:09
4044, 975, 2693, 2185, 1494, 1223, 4447, 2279
00:00:43.609, 00:01:05.449
4225, 1046, 2542, 1731, 1809, 1175, 4646, 2581
00:01:12.112, 00:01:34.367
4189, 1399, 1943, 1796, 1508, 1356, 4290, 2548
00:01:40.837, 00:02:02.366
3982, 1434, 1957, 1678, 1835, 1310, 4808, 2072
00:02:08.798, 00:02:30.374

59528
profile_test_data/1X39XX45_Googleplex_openApp_thru_navigation/a:/08-03-2020--05:55:30
3858, 1427, 2002, 1826, 1571, 1264, 4426, 2059
00:00:42.438, 00:01:03.371
4030, 977, 2306, 1810, 1556, 1205, 4009, 2123
00:01:10.717, 00:01:31.233
3895, 943, 2610, 1903, 1636, 1239, 3716, 2286
00:01:37.692, 00:01:58.420
4572, 960, 3325, 1858, 1528, 1132, 4205, 2395
00:02:05.752, 00:02:28.227

45076
profile_test_data/1X39XX45_Googleplex_openApp_thru_navigation/e:/08-03-2020--05:58:51
4609, 1644, 2175, 1855, 1658, 1407, 4025, 1942
00:00:42.762, 00:01:04.577
4634, 1041, 2879, 1989, 1541, 1266, 4613, 2070
00:01:11.951, 00:01:34.484
4490, 1573, 2170, 2100, 2002, 1416, 3973, 2747
00:01:41.412, 00:02:04.383
4566, 1024, 2698, 1967, 1530, 1202, 3906, 2206
00:02:10.952, 00:02:32.551

58272
profile_test_data/1X39XX45_Googleplex_openApp_thru_navigation/e:m-INTERSECTED-5/08-03-2020--06:01:49
4510, 963, 2619, 1975, 1627, 1251, 4782, 2533
00:00:41.981, 00:01:04.741
4081, 1428, 2048, 1708, 1877, 1208, 4575, 2455
00:01:10.894, 00:01:32.774
4389, 1009, 2640, 1873, 1538, 1260, 4354, 3122
00:01:39.983, 00:02:02.668
4034, 1622, 2047, 1914, 1512, 1333, 3720, 2093
00:02:09.159, 00:02:29.934

61200
profile_test_data/1X39XX45_Googleplex_openApp_thru_navigation/e:m/08-03-2020--06:04:52
3864, 1397, 2108, 1930, 1574, 1246, 4490, 1745
00:00:41.146, 00:01:02.000
4513, 991, 2817, 1886, 1545, 1266, 4612, 1842
00:01:09.055, 00:01:31.027
3950, 1469, 1986, 1843, 1578, 1217, 4226, 2758
00:01:37.378, 00:01:58.905
3859, 993, 2331, 1890, 1474, 1156, 4965, 2380
00:02:05.369, 00:02:26.917

59280
profile_test_data/1X39XX45_Googleplex_openApp_thru_navigation/e:mmmmm-INTERSECTED-5/08-03-2020--06:08:06
4570, 1406, 2190, 2372, 1457, 1226, 4437, 2089
00:00:42.207, 00:01:04.454
4424, 1009, 2624, 1957, 1702, 1239, 4714, 3248
00:01:11.136, 00:01:34.553
3922, 1453, 2253, 1854, 1515, 1240, 5028, 2695
00:01:41.097, 00:02:03.557
4036, 1472, 2218, 1902, 1516, 1545, 4761, 3506
00:02:10.138, 00:02:33.594

61700
profile_test_data/1X39XX45_Googleplex_openApp_thru_navigation/e:mmmmm/08-03-2020--06:11:18
5055, 1395, 1967, 1621, 1571, 1364, 4985, 2150
00:00:41.946, 00:01:04.554
3938, 1384, 1973, 2575, 1596, 1264, 4259, 2113
00:01:11.012, 00:01:32.614
4195, 1443, 1847, 2152, 1502, 1297, 4888, 1748
00:01:39.033, 00:02:00.605
3793, 1448, 1764, 1985, 1591, 1231, 5199, 2150
00:02:06.978, 00:02:28.639

59528
profile_test_data/1X39XX45_Googleplex_openApp_thru_navigation/s:/08-03-2020--06:14:30
5234, 1941, 1889, 1917, 1511, 1312, 4743, 2688
00:00:42.292, 00:01:06.027
4256, 976, 2465, 1636, 1489, 1510, 4180, 2506
00:01:12.478, 00:01:33.996
4240, 1404, 2005, 1824, 1504, 1287, 4648, 3412
00:01:41.190, 00:02:04.014
4043, 1479, 1974, 1711, 1485, 1256, 4553, 3517
00:02:10.486, 00:02:33.004

59528
profile_test_data/1X39XX45_Googleplex_openApp_thru_navigation/a:/08-03-2020--06:17:38
3949, 1010, 2423, 1804, 1617, 1159, 5100, 1795
00:00:41.762, 00:01:03.119
4162, 1009, 2439, 1711, 1515, 1159, 4355, 1950
00:01:10.358, 00:01:31.158
4039, 1028, 2431, 1774, 1508, 1223, 4959, 2675
00:01:37.823, 00:01:59.960
4112, 1431, 2088, 1784, 1507, 1352, 4496, 2189
00:02:06.502, 00:02:27.961

45076
profile_test_data/1X39XX45_Googleplex_openApp_thru_navigation/e:/08-03-2020--06:20:38
4527, 1601, 2395, 2030, 1544, 1370, 4434, 3523
00:00:42.107, 00:01:06.031
4608, 1664, 2139, 1633, 1949, 1411, 5030, 2626
00:01:12.581, 00:01:36.141
5416, 1688, 2055, 1906, 1646, 1318, 4815, 2298
00:01:43.523, 00:02:07.165
4619, 1578, 2168, 3008, 1570, 1386, 4294, 2349
00:02:14.522, 00:02:37.994

58272
profile_test_data/1X39XX45_Googleplex_openApp_thru_navigation/e:m-INTERSECTED-5/08-03-2020--06:23:45
3802, 1094, 2317, 1742, 1860, 1239, 4371, 2644
00:00:42.717, 00:01:04.286
4122, 991, 2451, 1912, 1517, 1197, 5080, 2527
00:01:10.996, 00:01:33.293
4544, 1059, 2438, 1819, 1495, 1184, 4843, 2325
00:01:41.036, 00:02:03.243
4292, 1129, 2587, 1952, 1486, 1534, 4873, 2362
00:02:09.608, 00:02:32.323

61200
profile_test_data/1X39XX45_Googleplex_openApp_thru_navigation/e:m/08-03-2020--06:26:58
4009, 1007, 2428, 1869, 1599, 1162, 4693, 1835
00:00:43.520, 00:01:04.622
3825, 991, 2354, 1674, 1857, 1224, 5427, 1694
00:01:11.054, 00:01:32.600
4141, 975, 2869, 1861, 1485, 1233, 4130, 1736
00:01:39.750, 00:02:00.680
3808, 1506, 1940, 1822, 1512, 1265, 4692, 1993
00:02:07.627, 00:02:28.665

59280
profile_test_data/1X39XX45_Googleplex_openApp_thru_navigation/e:mmmmm-INTERSECTED-5/08-03-2020--06:29:59
4300, 1420, 2026, 1959, 1500, 1231, 4635, 2053
00:00:41.881, 00:01:03.505
3902, 1028, 2435, 2643, 1535, 1165, 3954, 3095
00:01:10.179, 00:01:32.436
3932, 1412, 2015, 1925, 1618, 1315, 4758, 1973
00:01:40.126, 00:02:01.574
4861, 1434, 2052, 1747, 1822, 1210, 4700, 2045
00:02:08.162, 00:02:30.533

61700
profile_test_data/1X39XX45_Googleplex_openApp_thru_navigation/e:mmmmm/08-03-2020--06:33:12
3849, 1395, 2046, 1711, 1533, 1481, 4408, 1905
00:00:43.143, 00:01:03.971
3789, 1427, 2005, 2601, 1598, 1252, 4428, 2589
00:01:10.536, 00:01:32.725
3947, 939, 2455, 1659, 1828, 1187, 4615, 1899
00:01:39.843, 00:02:00.872
3946, 1369, 1965, 2583, 1593, 1436, 4457, 1804
00:02:07.327, 00:02:28.980

59528
profile_test_data/1X39XX45_Googleplex_openApp_thru_navigation/s:/08-03-2020--06:36:18
4407, 1439, 2164, 1967, 1501, 1237, 4538, 1761
00:00:43.390, 00:01:04.904
3879, 1009, 2570, 1625, 1944, 1185, 4800, 2326
00:01:11.959, 00:01:33.797
6960, 1442, 2080, 1750, 1580, 1200, 21912, 2019
00:01:40.506, 00:02:21.949
4052, 2671, 1889, 1715, 1509, 1295, 4710, 2110
00:02:28.382, 00:02:50.833

59528
profile_test_data/1X39XX45_Googleplex_openApp_thru_navigation/a:/08-03-2020--06:39:44
3980, 973, 2345, 1819, 1490, 1191, 4672, 2458
00:00:42.014, 00:01:03.442
4621, 1490, 2044, 1819, 1460, 1263, 4170, 2374
00:01:09.719, 00:01:31.460
4292, 976, 3003, 1828, 1605, 1445, 4143, 1811
00:01:37.962, 00:01:59.565
4233, 1010, 2399, 1833, 1506, 1180, 4136, 2999
00:02:06.643, 00:02:28.439

45076
profile_test_data/1X39XX45_Googleplex_openApp_thru_navigation/e:/08-03-2020--06:42:51
4494, 1026, 3044, 2381, 1545, 1242, 5103, 2480
00:00:42.411, 00:01:06.226
4502, 1571, 2201, 2634, 1530, 1356, 4124, 2162
00:01:13.609, 00:01:36.189
5241, 1609, 2203, 1901, 1606, 1278, 4975, 2418
00:01:43.333, 00:02:07.064
5033, 1621, 1971, 1928, 1527, 1318, 4850, 2771
00:02:14.540, 00:02:38.059

58272
profile_test_data/1X39XX45_Googleplex_openApp_thru_navigation/e:m-INTERSECTED-5/08-03-2020--06:46:01
4473, 996, 2685, 1966, 1611, 1258, 4783, 2449
00:00:43.020, 00:01:05.741
4101, 1480, 2066, 1927, 1535, 1361, 4878, 2798
00:01:12.209, 00:01:34.855
4020, 974, 2658, 1862, 1513, 1259, 4602, 2413
00:01:41.902, 00:02:03.703
4079, 1564, 2269, 1938, 1526, 1289, 4422, 2147
00:02:09.913, 00:02:31.647

61200
profile_test_data/1X39XX45_Googleplex_openApp_thru_navigation/e:m/08-03-2020--06:49:05
5153, 1025, 2473, 1703, 1476, 1175, 4509, 1946
00:00:42.518, 00:01:04.478
5060, 1009, 3083, 1975, 1580, 1289, 4535, 2412
00:01:11.036, 00:01:34.479
5119, 1364, 2208, 1900, 1500, 1338, 4422, 3372
00:01:40.730, 00:02:04.453
3975, 1652, 1945, 1783, 1477, 1267, 4765, 2280
00:02:10.806, 00:02:32.450

59280
profile_test_data/1X39XX45_Googleplex_openApp_thru_navigation/e:mmmmm-INTERSECTED-5/08-03-2020--06:52:21
4075, 958, 2373, 1833, 1572, 1184, 4672, 2019
00:00:41.555, 00:01:02.741
4148, 1398, 1955, 1926, 1513, 1247, 4958, 3598
00:01:10.268, 00:01:33.511
5490, 976, 2387, 1624, 1857, 1326, 4605, 2170
00:01:40.552, 00:02:03.487
4137, 1424, 2377, 1706, 1519, 1276, 5547, 2108
00:02:10.025, 00:02:32.619

61700
profile_test_data/1X39XX45_Googleplex_openApp_thru_navigation/e:mmmmm/08-03-2020--06:55:36
4921, 1432, 2066, 1673, 1660, 1246, 4277, 2008
00:00:43.062, 00:01:04.845
3800, 1527, 2026, 1611, 1519, 1194, 5300, 2895
00:01:11.485, 00:01:33.857
3831, 943, 2331, 1680, 1545, 1160, 5286, 2619
00:01:41.907, 00:02:03.802
3859, 1012, 2439, 1632, 1815, 1230, 4496, 1694
00:02:11.312, 00:02:31.989

59528
profile_test_data/1X39XX45_Googleplex_openApp_thru_navigation/s:/08-03-2020--06:59:01
3917, 1402, 1914, 1758, 1583, 1358, 4205, 2392
00:00:42.214, 00:01:03.243
4090, 1039, 2487, 1873, 1500, 1263, 5050, 2819
00:01:10.948, 00:01:33.569
4003, 1413, 1995, 1680, 1499, 1289, 4806, 2202
00:01:40.838, 00:02:02.225
4294, 977, 2675, 1711, 1530, 1177, 4637, 2142
00:02:08.613, 00:02:30.256

59528
profile_test_data/1X39XX45_Googleplex_openApp_thru_navigation/a:/08-03-2020--07:02:05
4075, 1590, 2043, 1853, 1505, 1349, 4539, 2317
00:00:42.362, 00:01:04.133
4441, 1442, 2278, 1932, 1500, 1310, 4964, 2459
00:01:10.298, 00:01:33.124
4435, 1593, 2159, 1796, 1485, 1235, 4590, 2595
00:01:40.730, 00:02:03.118
4507, 976, 2644, 1968, 1587, 1220, 4554, 1860
00:02:09.532, 00:02:31.348

45076
profile_test_data/1X39XX45_Googleplex_openApp_thru_navigation/e:/08-03-2020--07:05:11
4517, 1933, 2111, 1920, 1517, 1329, 4524, 2227
00:00:43.163, 00:01:05.741
4815, 1008, 2895, 1634, 1912, 1252, 5018, 2774
00:01:13.892, 00:01:37.700
5663, 1921, 2162, 1884, 1614, 1334, 4253, 3007
00:01:44.344, 00:02:08.682
4979, 2054, 1997, 2054, 1546, 1411, 4451, 2807
00:02:15.879, 00:02:39.678

58272
profile_test_data/1X39XX45_Googleplex_openApp_thru_navigation/e:m-INTERSECTED-5/08-03-2020--07:08:23
5062, 1027, 2318, 1799, 1544, 1177, 4594, 2473
00:00:42.463, 00:01:04.957
4191, 971, 2699, 1630, 1873, 1286, 5091, 1821
00:01:12.017, 00:01:34.079
4010, 963, 2618, 2610, 1519, 1241, 5066, 2306
00:01:41.147, 00:02:03.980
3930, 1541, 2085, 1858, 1531, 1349, 4929, 2022
00:02:11.470, 00:02:33.215

61200
profile_test_data/1X39XX45_Googleplex_openApp_thru_navigation/e:m/08-03-2020--07:11:27
4378, 958, 2478, 1831, 1458, 1221, 4577, 1995
00:00:44.334, 00:01:05.730
4286, 1489, 2381, 1721, 1605, 1280, 4466, 1947
00:01:13.001, 00:01:34.676
3841, 1433, 2364, 2452, 1592, 1353, 4325, 2448
00:01:41.292, 00:02:03.600
4180, 960, 2770, 1767, 1504, 1209, 4554, 2285
00:02:09.845, 00:02:31.574

59280
profile_test_data/1X39XX45_Googleplex_openApp_thru_navigation/e:mmmmm-INTERSECTED-5/08-03-2020--07:14:30
4114, 1394, 1949, 1660, 1449, 1275, 4939, 2253
00:00:42.584, 00:01:04.117
3919, 1416, 1981, 1845, 1509, 1294, 4649, 2275
00:01:11.649, 00:01:33.037
4209, 1429, 1927, 1795, 1596, 1207, 4807, 2940
00:01:39.591, 00:02:02.001
4214, 997, 2503, 1871, 1506, 1626, 4299, 2167
00:02:08.471, 00:02:30.154

61700
profile_test_data/1X39XX45_Googleplex_openApp_thru_navigation/e:mmmmm/08-03-2020--07:17:41
3782, 1403, 1691, 1908, 1856, 1238, 4452, 2429
00:00:41.647, 00:01:02.906
3985, 1400, 2013, 1758, 1603, 1303, 5154, 3191
00:01:09.992, 00:01:32.899
3866, 1364, 1982, 1305, 1811, 1317, 4348, 2508
00:01:39.936, 00:02:00.937
3966, 976, 2479, 1630, 1507, 1175, 4918, 2235
00:02:07.536, 00:02:28.922

59528
profile_test_data/1X39XX45_Googleplex_openApp_thru_navigation/s:/08-03-2020--07:20:49
4368, 1338, 2068, 1686, 1544, 1288, 4269, 1847
00:00:42.453, 00:01:03.361
4357, 1042, 2406, 1874, 1580, 1175, 5019, 2012
00:01:10.494, 00:01:32.459
4581, 1550, 2313, 1827, 1515, 1279, 4389, 1802
00:01:39.593, 00:02:01.349
5000, 1010, 2628, 1098, 1498, 1168, 4616, 2286
00:02:08.458, 00:02:30.262

59528
profile_test_data/1X39XX45_Googleplex_openApp_thru_navigation/a:/08-03-2020--07:23:58
3998, 1390, 2059, 1899, 1488, 1262, 4318, 2864
00:00:41.264, 00:01:03.042
4751, 963, 2769, 1729, 1544, 1195, 4824, 2224
00:01:10.579, 00:01:33.078
4615, 1467, 2033, 1816, 1472, 1311, 4667, 2458
00:01:39.717, 00:02:02.056
3975, 1461, 2067, 1811, 1487, 1628, 4609, 2096
00:02:08.639, 00:02:30.273

45076
profile_test_data/1X39XX45_Googleplex_openApp_thru_navigation/e:/08-03-2020--07:27:07
4466, 1080, 2705, 2028, 1501, 1207, 4299, 2641
00:00:43.145, 00:01:05.572
4869, 1499, 2184, 2670, 1516, 1438, 5425, 2380
00:01:12.125, 00:01:36.606
4449, 1617, 2448, 1975, 1535, 1359, 4576, 2205
00:01:43.998, 00:02:06.662
6015, 1010, 2712, 1918, 1508, 1226, 5129, 2928
00:02:13.694, 00:02:38.640

58272
profile_test_data/1X39XX45_Googleplex_openApp_thru_navigation/e:m-INTERSECTED-5/08-03-2020--07:30:25
3954, 975, 2861, 1913, 1564, 1203, 4485, 2390
00:00:43.615, 00:01:05.460
4448, 992, 2331, 1963, 1540, 1738, 4197, 1863
00:01:12.975, 00:01:34.547
4828, 1061, 2548, 1911, 1539, 1595, 4865, 1757
00:01:41.991, 00:02:04.595
4441, 1045, 1628, 2740, 1483, 1240, 5034, 1875
00:02:11.567, 00:02:33.553

61200
profile_test_data/1X39XX45_Googleplex_openApp_thru_navigation/e:m/08-03-2020--07:33:32
3807, 1362, 1927, 1840, 1559, 1297, 4292, 2006
00:00:41.999, 00:01:02.589
4082, 1060, 2661, 1836, 1536, 1193, 4824, 2025
00:01:09.931, 00:01:31.648
3737, 1010, 2441, 1904, 1472, 1223, 5074, 1975
00:01:38.472, 00:01:59.808
4805, 1389, 2576, 1788, 1455, 1306, 4171, 1752
00:02:07.011, 00:02:28.753

59280
profile_test_data/1X39XX45_Googleplex_openApp_thru_navigation/e:mmmmm-INTERSECTED-5/08-03-2020--07:36:42
3821, 1438, 2514, 2352, 1535, 1405, 4327, 1892
00:00:43.078, 00:01:04.862
4459, 1414, 2079, 1972, 1455, 1228, 4468, 2030
00:01:12.253, 00:01:33.858
4086, 1397, 2210, 2105, 1553, 1358, 4927, 2384
00:01:40.304, 00:02:02.824
4444, 1455, 1906, 1826, 1485, 1375, 4348, 2146
00:02:10.496, 00:02:31.981

61700
profile_test_data/1X39XX45_Googleplex_openApp_thru_navigation/e:mmmmm/08-03-2020--07:39:52
4149, 1048, 2371, 1878, 1524, 1173, 4146, 1799
00:00:44.126, 00:01:04.714
3879, 1419, 2152, 983, 1566, 1276, 4152, 1533
00:01:11.193, 00:01:30.653
4642, 1420, 2408, 1956, 1552, 1255, 4521, 2253
00:01:37.103, 00:01:59.610
4819, 993, 2329, 2575, 1516, 1216, 4530, 2055
00:02:06.041, 00:02:28.574

59528
profile_test_data/1X39XX45_Googleplex_openApp_thru_navigation/s:/08-03-2020--07:43:08
5308, 1063, 2721, 2372, 1455, 1219, 5648, 1752
00:00:41.573, 00:01:05.611
5460, 1047, 3077, 2226, 1442, 1400, 6941, 1862
00:01:12.614, 00:01:38.569
4710, 1109, 2496, 2061, 1495, 1196, 4640, 2357
00:01:44.980, 00:02:07.544
4025, 1079, 3113, 2278, 1529, 1424, 4597, 2056
00:02:15.015, 00:02:37.616

59528
profile_test_data/1X39XX45_Googleplex_openApp_thru_navigation/a:/08-03-2020--07:46:13
3882, 1468, 2503, 2349, 1522, 1337, 4684, 1955
00:00:43.316, 00:01:05.516
4883, 1030, 2508, 2051, 1501, 1255, 4901, 1746
00:01:12.110, 00:01:34.485
4084, 1028, 2674, 2164, 1469, 1243, 5287, 2412
00:01:41.629, 00:02:04.490
4040, 1501, 2106, 2130, 1523, 1317, 5126, 2468
00:02:11.697, 00:02:34.408

