
45076
profile_test_data/1X7945_Takeout_openApp_thru_navigation/e:/08-02-2020--11:46:43
2300, 3603, 2120, 1991, 1756
00:00:29.504, 00:00:43.774
2734, 3468, 2099, 1940, 1752
00:00:50.110, 00:01:04.603
2375, 3494, 2051, 2622, 1872
00:01:10.968, 00:01:25.882
2242, 3370, 2132, 2626, 1839
00:01:32.089, 00:01:46.798

59552
profile_test_data/1X7945_Takeout_openApp_thru_navigation/e:m-INTERSECTED-5/08-02-2020--11:49:03
1687, 2871, 1875, 1915, 1663
00:00:29.273, 00:00:41.784
1803, 2979, 1972, 2582, 1840
00:00:47.963, 00:01:01.639
1795, 2943, 2038, 1941, 1655
00:01:07.765, 00:01:20.637
1810, 3058, 1899, 1924, 1667
00:01:26.846, 00:01:39.704

60712
profile_test_data/1X7945_Takeout_openApp_thru_navigation/e:m/08-02-2020--11:51:21
1638, 2883, 1835, 1907, 1631
00:00:29.519, 00:00:41.913
1665, 2952, 1861, 1861, 1973
00:00:48.079, 00:01:00.891
1715, 2962, 1889, 1908, 1889
00:01:07.018, 00:01:19.881
1946, 2964, 1914, 1890, 1655
00:01:26.099, 00:01:38.968

60552
profile_test_data/1X7945_Takeout_openApp_thru_navigation/e:mmmmm-INTERSECTED-5/08-02-2020--11:55:20
1682, 2906, 1914, 1905, 1871
00:00:29.754, 00:00:42.532
1726, 2945, 1938, 1902, 1754
00:00:48.683, 00:01:01.448
1759, 2936, 1912, 1923, 1746
00:01:07.644, 00:01:20.420
1739, 2871, 1994, 2640, 1974
00:01:26.706, 00:01:40.424

62000
profile_test_data/1X7945_Takeout_openApp_thru_navigation/e:mmmmm/08-02-2020--11:57:30
1670, 3076, 1898, 1932, 2133
00:00:29.011, 00:00:42.220
1594, 2798, 1822, 1892, 1621
00:00:48.270, 00:01:00.497
1751, 2822, 1808, 1914, 2029
00:01:06.419, 00:01:19.243
1613, 2810, 1879, 1990, 2152
00:01:25.277, 00:01:38.221

59528
profile_test_data/1X7945_Takeout_openApp_thru_navigation/s:/08-02-2020--12:06:17
1798, 3163, 1875, 1922, 2183
00:00:28.564, 00:00:42.005
1693, 21036, 1846, 1991, 1617
00:00:48.242, 00:01:18.925
1670, 2864, 2041, 1943, 1709
00:01:25.686, 00:01:38.413
1765, 2881, 2016, 1952, 1555
00:01:44.551, 00:01:57.220

59528
profile_test_data/1X7945_Takeout_openApp_thru_navigation/a:/08-02-2020--12:08:38
1687, 2915, 1901, 1931, 1891
00:00:28.776, 00:00:41.601
1693, 2859, 1945, 1873, 1671
00:00:47.623, 00:01:00.164
1732, 3034, 1962, 1928, 1948
00:01:07.065, 00:01:20.169
1762, 2861, 3141, 1958, 1682
00:01:26.760, 00:01:40.664

45076
profile_test_data/1X7945_Takeout_openApp_thru_navigation/e:/08-02-2020--12:10:44
2246, 3385, 2105, 2120, 1680
00:00:29.485, 00:00:43.521
2386, 3639, 2112, 2095, 1888
00:00:49.592, 00:01:04.212
2393, 3533, 2086, 2100, 2101
00:01:10.433, 00:01:25.146
2300, 3316, 2071, 2657, 2117
00:01:31.199, 00:01:46.160

59552
profile_test_data/1X7945_Takeout_openApp_thru_navigation/e:m-INTERSECTED-5/08-02-2020--12:12:54
1718, 2774, 1869, 1992, 1928
00:00:28.364, 00:00:41.145
1754, 2936, 1926, 1915, 1638
00:00:47.427, 00:01:00.096
1771, 2927, 1911, 1958, 1682
00:01:06.382, 00:01:19.131
1742, 2899, 1935, 1901, 1872
00:01:25.321, 00:01:38.170

60712
profile_test_data/1X7945_Takeout_openApp_thru_navigation/e:m/08-02-2020--12:14:59
1722, 2990, 1921, 1890, 1791
00:00:28.837, 00:00:41.651
1685, 2908, 1901, 1890, 1917
00:00:47.774, 00:01:00.575
1700, 2910, 1922, 1926, 1866
00:01:06.718, 00:01:19.542
1707, 2915, 1986, 1899, 1743
00:01:25.797, 00:01:38.547

60552
profile_test_data/1X7945_Takeout_openApp_thru_navigation/e:mmmmm-INTERSECTED-5/08-02-2020--12:17:08
1684, 3216, 1872, 1940, 2241
00:00:29.536, 00:00:42.989
1724, 2997, 1887, 1919, 1690
00:00:49.029, 00:01:01.746
1754, 2943, 1992, 2007, 1652
00:01:08.181, 00:01:21.029
1783, 2969, 2014, 1891, 1702
00:01:27.265, 00:01:40.124

62000
profile_test_data/1X7945_Takeout_openApp_thru_navigation/e:mmmmm/08-02-2020--12:19:34
1691, 2880, 1889, 1905, 1925
00:00:28.654, 00:00:41.444
1642, 2852, 1880, 1907, 1757
00:00:47.595, 00:01:00.133
1693, 2880, 1936, 1977, 1906
00:01:06.501, 00:01:19.393
1702, 2945, 1869, 1958, 1755
00:01:25.612, 00:01:38.341

59528
profile_test_data/1X7945_Takeout_openApp_thru_navigation/s:/08-02-2020--12:21:45
1832, 3018, 2034, 1939, 1734
00:00:29.216, 00:00:42.273
1830, 3218, 2017, 1940, 1597
00:00:48.316, 00:01:01.418
1769, 3070, 2262, 1907, 1757
00:01:08.148, 00:01:21.413
1745, 3118, 2131, 1857, 2192
00:01:27.487, 00:01:41.030

59528
profile_test_data/1X7945_Takeout_openApp_thru_navigation/a:/08-02-2020--12:23:58
1818, 3058, 1937, 1833, 1926
00:00:28.865, 00:00:41.937
1897, 3324, 1943, 1991, 1932
00:00:47.940, 00:01:01.527
1761, 2990, 1943, 2042, 1648
00:01:07.634, 00:01:20.518
1740, 2971, 1898, 1909, 1872
00:01:26.493, 00:01:39.383

45076
profile_test_data/1X7945_Takeout_openApp_thru_navigation/e:/08-02-2020--12:26:04
2437, 3421, 2170, 1905, 2011
00:00:29.710, 00:00:44.154
2356, 3541, 2754, 2044, 1681
00:00:50.700, 00:01:05.576
2279, 3543, 2104, 2614, 1822
00:01:11.699, 00:01:26.561
2265, 3526, 2121, 1991, 1800
00:01:32.824, 00:01:47.027

59552
profile_test_data/1X7945_Takeout_openApp_thru_navigation/e:m-INTERSECTED-5/08-02-2020--12:28:15
1800, 2859, 1919, 1941, 1752
00:00:29.731, 00:00:42.502
1748, 3115, 1918, 1964, 1638
00:00:48.459, 00:01:01.342
1860, 2921, 1943, 1974, 1670
00:01:07.353, 00:01:20.221
1747, 3071, 1911, 1958, 1716
00:01:26.202, 00:01:39.105

60712
profile_test_data/1X7945_Takeout_openApp_thru_navigation/e:m/08-02-2020--12:30:20
1719, 3045, 2056, 1891, 1654
00:00:29.108, 00:00:41.973
1708, 2938, 1979, 1923, 1667
00:00:48.181, 00:01:00.896
1708, 3102, 1899, 1907, 1653
00:01:07.125, 00:01:19.894
1656, 3007, 1927, 1871, 1686
00:01:26.204, 00:01:38.851

60552
profile_test_data/1X7945_Takeout_openApp_thru_navigation/e:mmmmm-INTERSECTED-5/08-02-2020--12:32:27
1795, 2904, 1913, 1933, 1828
00:00:29.233, 00:00:42.106
1739, 2848, 1854, 1923, 1910
00:00:48.292, 00:01:01.066
1718, 2924, 1961, 2503, 1560
00:01:07.236, 00:01:20.402
1675, 2983, 1867, 1901, 1623
00:01:26.434, 00:01:38.983

62000
profile_test_data/1X7945_Takeout_openApp_thru_navigation/e:mmmmm/08-02-2020--12:34:35
1721, 2808, 1902, 2082, 1720
00:00:29.408, 00:00:42.141
1673, 2978, 2676, 1982, 1716
00:00:48.226, 00:01:01.751
1694, 2894, 2040, 2009, 1659
00:01:08.026, 00:01:20.822
1688, 2931, 1910, 1932, 1810
00:01:27.004, 00:01:39.775

59528
profile_test_data/1X7945_Takeout_openApp_thru_navigation/s:/08-02-2020--12:36:41
1934, 3084, 1943, 1959, 1979
00:00:28.597, 00:00:41.996
1758, 3035, 1960, 1992, 1681
00:00:48.152, 00:01:01.078
1727, 3110, 1988, 1877, 1724
00:01:07.258, 00:01:20.184
1828, 3035, 2044, 1921, 1636
00:01:26.190, 00:01:39.154

59528
profile_test_data/1X7945_Takeout_openApp_thru_navigation/a:/08-02-2020--12:38:49
1800, 3036, 1929, 1842, 2015
00:00:28.407, 00:00:41.529
1733, 3078, 1956, 1923, 1616
00:00:47.695, 00:01:00.501
1763, 3157, 2010, 1847, 1622
00:01:06.757, 00:01:19.656
1751, 3181, 2072, 1833, 1610
00:01:25.692, 00:01:38.639

45076
profile_test_data/1X7945_Takeout_openApp_thru_navigation/e:/08-02-2020--12:40:55
2347, 3488, 2161, 1876, 2046
00:00:29.724, 00:00:44.142
2253, 3413, 2155, 1856, 1746
00:00:50.326, 00:01:04.249
2481, 3683, 2386, 1857, 1856
00:01:10.406, 00:01:25.169
2430, 3712, 2263, 1937, 1775
00:01:31.418, 00:01:46.035

59552
profile_test_data/1X7945_Takeout_openApp_thru_navigation/e:m-INTERSECTED-5/08-02-2020--12:43:07
1810, 2998, 1999, 2576, 1971
00:00:28.706, 00:00:42.560
1868, 3181, 1978, 2116, 1608
00:00:48.658, 00:01:01.909
1853, 3135, 2185, 1857, 2181
00:01:07.886, 00:01:21.597
1776, 3044, 2000, 1925, 1673
00:01:27.796, 00:01:40.714

60712
profile_test_data/1X7945_Takeout_openApp_thru_navigation/e:m/08-02-2020--12:45:16
1755, 2932, 1980, 1890, 1929
00:00:29.053, 00:00:42.039
1811, 3106, 2060, 1788, 1638
00:00:48.128, 00:01:01.031
1709, 2953, 1894, 1780, 1967
00:01:07.065, 00:01:19.868
1695, 2943, 1887, 1798, 1724
00:01:26.030, 00:01:38.577

60552
profile_test_data/1X7945_Takeout_openApp_thru_navigation/e:mmmmm-INTERSECTED-5/08-02-2020--12:47:35
1829, 3065, 1964, 1957, 1810
00:00:28.723, 00:00:41.848
1762, 2924, 2075, 1858, 1696
00:00:48.283, 00:01:01.098
1735, 2904, 1933, 1958, 1697
00:01:07.351, 00:01:20.078
1764, 2985, 1855, 1915, 1776
00:01:26.286, 00:01:39.081

62000
profile_test_data/1X7945_Takeout_openApp_thru_navigation/e:mmmmm/08-02-2020--12:49:45
1843, 2885, 2381, 1952, 2053
00:00:28.877, 00:00:42.491
1701, 2880, 2035, 1807, 1892
00:00:48.714, 00:01:01.529
1720, 2886, 2161, 1790, 1723
00:01:07.792, 00:01:20.572
1726, 2923, 1938, 1841, 1889
00:01:26.714, 00:01:39.531

59528
profile_test_data/1X7945_Takeout_openApp_thru_navigation/s:/08-02-2020--12:51:51
1813, 3078, 1954, 1812, 2031
00:00:29.507, 00:00:42.695
1961, 3117, 2032, 1891, 2088
00:01:20.028, 00:01:33.617
1778, 2696, 2326, 1960, 1634
00:01:40.018, 00:01:52.912
1805, 3038, 2340, 2373, 1589
00:01:59.008, 00:02:12.653

59528
profile_test_data/1X7945_Takeout_openApp_thru_navigation/a:/08-02-2020--12:54:34
1784, 3114, 2003, 2008, 1817
00:00:29.776, 00:00:43.002
1764, 2980, 1937, 1924, 1784
00:00:49.480, 00:01:02.369
1763, 2963, 2200, 1909, 1676
00:01:08.463, 00:01:21.474
1743, 3375, 1953, 1919, 1563
00:01:27.630, 00:01:40.683

45076
profile_test_data/1X7945_Takeout_openApp_thru_navigation/e:/08-02-2020--12:56:41
2410, 3648, 2266, 2529, 2244
00:00:30.348, 00:00:45.945
2503, 3478, 2359, 1893, 2102
00:00:52.125, 00:01:06.960
2416, 3725, 2207, 2077, 1960
00:01:13.117, 00:01:28.002
2682, 3595, 2257, 2803, 1938
00:01:34.235, 00:01:50.010

59552
profile_test_data/1X7945_Takeout_openApp_thru_navigation/e:m-INTERSECTED-5/08-02-2020--12:58:58
1660, 2939, 2065, 1914, 1701
00:00:29.250, 00:00:42.029
1862, 3008, 1937, 2077, 1670
00:00:48.704, 00:01:01.758
1918, 3133, 1967, 1992, 2090
00:01:08.682, 00:01:22.282
1842, 3084, 2074, 2009, 1955
00:01:28.520, 00:01:41.984

60712
profile_test_data/1X7945_Takeout_openApp_thru_navigation/e:m/08-02-2020--13:01:10
1689, 3030, 1882, 1886, 1627
00:00:29.455, 00:00:42.069
1725, 3040, 1921, 1908, 1841
00:00:48.170, 00:01:01.105
1726, 2997, 1933, 1769, 1836
00:01:07.346, 00:01:20.107
1736, 2981, 2019, 1871, 1770
00:01:26.271, 00:01:39.148

60552
profile_test_data/1X7945_Takeout_openApp_thru_navigation/e:mmmmm-INTERSECTED-5/08-02-2020--13:03:24
1744, 2935, 1883, 2007, 1696
00:00:29.099, 00:00:41.864
1775, 3107, 1857, 1950, 1651
00:00:48.173, 00:01:01.013
1773, 3010, 1891, 1925, 1700
00:01:07.103, 00:01:19.902
1898, 2986, 1982, 1898, 1626
00:01:26.198, 00:01:39.088

62000
profile_test_data/1X7945_Takeout_openApp_thru_navigation/e:mmmmm/08-02-2020--13:05:36
1715, 3037, 1959, 1901, 1605
00:00:28.917, 00:00:41.634
1688, 3045, 2069, 1941, 1662
00:00:48.344, 00:01:01.249
1660, 2982, 1950, 1907, 1890
00:01:07.411, 00:01:20.300
1683, 3082, 2102, 1875, 1697
00:01:26.504, 00:01:39.443

59528
profile_test_data/1X7945_Takeout_openApp_thru_navigation/s:/08-02-2020--13:07:48
1775, 3059, 2095, 2670, 1788
00:00:29.388, 00:00:43.275
1762, 3101, 2320, 2038, 1576
00:00:49.261, 00:01:02.558
1730, 3118, 2062, 1884, 1603
00:01:08.666, 00:01:21.563
1780, 3018, 1896, 1816, 1796
00:01:27.755, 00:01:40.561

59528
profile_test_data/1X7945_Takeout_openApp_thru_navigation/a:/08-02-2020--13:09:58
1743, 3065, 1967, 1868, 2019
00:00:28.544, 00:00:41.706
1773, 3093, 1946, 1871, 1673
00:00:47.955, 00:01:00.811
1810, 2944, 2132, 1924, 1608
00:01:07.020, 00:01:19.938
1771, 3100, 2034, 1899, 1668
00:01:25.884, 00:01:38.856

45076
profile_test_data/1X7945_Takeout_openApp_thru_navigation/e:/08-02-2020--13:12:19
2360, 3356, 2075, 2584, 1971
00:00:30.056, 00:00:44.902
2485, 3480, 2118, 2598, 1682
00:00:51.143, 00:01:06.006
2380, 3417, 2344, 1924, 1821
00:01:12.169, 00:01:26.555
2383, 3415, 2198, 1915, 1658
00:01:33.028, 00:01:47.097

59552
profile_test_data/1X7945_Takeout_openApp_thru_navigation/e:m-INTERSECTED-5/08-02-2020--13:14:37
1870, 2987, 1942, 1875, 1666
00:00:28.614, 00:00:41.454
1755, 3031, 2002, 1891, 1661
00:00:47.340, 00:01:00.180
1780, 3100, 2017, 1947, 1628
00:01:06.300, 00:01:19.272
1820, 3157, 2001, 1905, 1648
00:01:25.426, 00:01:38.457

60712
profile_test_data/1X7945_Takeout_openApp_thru_navigation/e:m/08-02-2020--13:16:47
1808, 3003, 1968, 1990, 1754
00:00:29.172, 00:00:42.195
1741, 3196, 1916, 1907, 1606
00:00:48.689, 00:01:01.555
1697, 3404, 2047, 1990, 1617
00:01:08.075, 00:01:21.330
1727, 3141, 1925, 2575, 1716
00:01:27.402, 00:01:40.986

60552
profile_test_data/1X7945_Takeout_openApp_thru_navigation/e:mmmmm-INTERSECTED-5/08-02-2020--13:19:01
1700, 2998, 2390, 2058, 1796
00:00:28.822, 00:00:42.264
1739, 3059, 1957, 1891, 1680
00:00:48.401, 00:01:01.227
1760, 3084, 1883, 1907, 1652
00:01:07.480, 00:01:20.266
1827, 3123, 1862, 1941, 1640
00:01:26.431, 00:01:39.324

62000
profile_test_data/1X7945_Takeout_openApp_thru_navigation/e:mmmmm/08-02-2020--13:21:15
1704, 2895, 1924, 1880, 1646
00:00:29.683, 00:00:42.232
1693, 3013, 1915, 1923, 1573
00:00:48.346, 00:01:00.963
1713, 3181, 2015, 2594, 1661
00:01:07.069, 00:01:20.733
1673, 3007, 1845, 1862, 1790
00:01:27.141, 00:01:39.818

59528
profile_test_data/1X7945_Takeout_openApp_thru_navigation/s:/08-02-2020--13:23:22
1777, 3006, 2041, 1918, 1768
00:00:29.170, 00:00:42.180
1796, 3005, 2078, 1903, 1634
00:00:48.211, 00:01:01.127
1801, 3112, 1922, 2611, 1825
00:01:07.138, 00:01:20.909
1722, 3343, 2077, 1960, 1758
00:01:27.121, 00:01:40.481

59528
profile_test_data/1X7945_Takeout_openApp_thru_navigation/a:/08-02-2020--13:25:34
1858, 2975, 2012, 1903, 2004
00:00:29.495, 00:00:42.747
1774, 3068, 1999, 1949, 1601
00:00:48.621, 00:01:01.512
1760, 3057, 2028, 1888, 1871
00:01:08.075, 00:01:21.179
1757, 3029, 1932, 1923, 1618
00:01:27.356, 00:01:40.115

45076
profile_test_data/1X7945_Takeout_openApp_thru_navigation/e:/08-02-2020--13:27:41
2426, 3791, 2210, 1975, 2015
00:00:29.959, 00:00:44.876
2464, 3924, 2246, 2494, 1879
00:00:51.063, 00:01:06.570
2415, 3717, 2491, 2384, 1834
00:01:12.819, 00:01:28.160
2618, 3724, 2218, 2646, 2109
00:01:34.859, 00:01:50.674

59552
profile_test_data/1X7945_Takeout_openApp_thru_navigation/e:m-INTERSECTED-5/08-02-2020--13:29:56
1839, 2892, 1920, 1891, 1790
00:00:29.291, 00:00:42.123
1808, 3089, 1992, 1874, 1702
00:00:48.013, 00:01:00.978
1778, 3002, 1965, 2584, 1951
00:01:07.049, 00:01:20.829
1790, 3010, 2189, 1922, 1676
00:01:26.994, 00:01:40.081

60712
profile_test_data/1X7945_Takeout_openApp_thru_navigation/e:m/08-02-2020--13:32:06
1691, 2899, 1904, 1820, 1921
00:00:28.825, 00:00:41.560
1751, 2898, 1901, 1941, 1782
00:00:47.595, 00:01:00.368
1709, 2897, 1915, 1911, 1811
00:01:06.674, 00:01:19.417
1740, 2894, 1955, 2602, 2034
00:01:25.616, 00:01:39.341

60552
profile_test_data/1X7945_Takeout_openApp_thru_navigation/e:mmmmm-INTERSECTED-5/08-02-2020--13:34:12
1774, 3820, 2653, 1921, 1852
00:00:28.909, 00:00:43.429
1796, 2940, 1888, 1890, 1744
00:00:49.519, 00:01:02.277
1777, 2913, 2169, 2085, 1603
00:01:08.444, 00:01:21.491
1735, 2941, 1902, 1941, 1745
00:01:27.529, 00:01:40.293

62000
profile_test_data/1X7945_Takeout_openApp_thru_navigation/e:mmmmm/08-02-2020--13:36:22
1732, 2860, 1871, 2039, 1839
00:00:29.065, 00:00:41.906
1706, 2954, 2097, 1874, 1712
00:00:48.195, 00:01:01.038
1676, 3095, 1971, 1925, 1729
00:01:07.036, 00:01:19.932
1704, 2898, 2004, 1991, 1708
00:01:26.222, 00:01:39.027

59528
profile_test_data/1X7945_Takeout_openApp_thru_navigation/s:/08-02-2020--13:38:32
1760, 3185, 1912, 1976, 1826
00:00:28.865, 00:00:42.024
1739, 2945, 2052, 1954, 1648
00:00:48.068, 00:01:00.906
1759, 3088, 2081, 1891, 1697
00:01:06.824, 00:01:19.840
1824, 3242, 2200, 1966, 1671
00:01:25.962, 00:01:39.365

59528
profile_test_data/1X7945_Takeout_openApp_thru_navigation/a:/08-02-2020--13:40:39
1832, 3337, 2064, 1840, 2013
00:00:29.904, 00:00:43.490
1785, 3083, 2063, 1924, 1960
00:00:49.506, 00:01:02.821
1758, 3098, 2235, 2426, 1584
00:01:08.946, 00:01:22.547
1808, 3170, 2046, 1958, 1683
00:01:28.545, 00:01:41.710

45076
profile_test_data/1X7945_Takeout_openApp_thru_navigation/e:/08-02-2020--13:42:49
2364, 3499, 2267, 1879, 1637
00:00:30.356, 00:00:44.502
2336, 3627, 2218, 2512, 1802
00:00:50.668, 00:01:05.663
2455, 3649, 2369, 1905, 1919
00:01:12.317, 00:01:27.114
2349, 3531, 2114, 1841, 1670
00:01:33.220, 00:01:47.225

59552
profile_test_data/1X7945_Takeout_openApp_thru_navigation/e:m-INTERSECTED-5/08-02-2020--13:45:01
1770, 3146, 1953, 1907, 1932
00:00:29.279, 00:00:42.487
1813, 3091, 2129, 2510, 1602
00:00:48.468, 00:01:02.113
1825, 3065, 2049, 1905, 1699
00:01:08.164, 00:01:21.207
1810, 3205, 1977, 1975, 1666
00:01:27.152, 00:01:40.285

60712
profile_test_data/1X7945_Takeout_openApp_thru_navigation/e:m/08-02-2020--13:47:15
1689, 3052, 2016, 1920, 1854
00:00:29.398, 00:00:42.429
1696, 3255, 2057, 1909, 1608
00:00:48.541, 00:01:01.566
1744, 2967, 1983, 1889, 1655
00:01:07.760, 00:01:20.498
1700, 3001, 1984, 1922, 1665
00:01:26.562, 00:01:39.334

60552
profile_test_data/1X7945_Takeout_openApp_thru_navigation/e:mmmmm-INTERSECTED-5/08-02-2020--13:49:28
1748, 3101, 2017, 1891, 1743
00:00:29.445, 00:00:42.445
1798, 2996, 1934, 1818, 1678
00:00:48.649, 00:01:01.373
1721, 2952, 1930, 2008, 1646
00:01:07.469, 00:01:20.226
1729, 3248, 2068, 2008, 2224
00:01:26.400, 00:01:40.177

62000
profile_test_data/1X7945_Takeout_openApp_thru_navigation/e:mmmmm/08-02-2020--13:51:35
1686, 3008, 2512, 1823, 1906
00:00:29.300, 00:00:42.735
1673, 2975, 1987, 1904, 1735
00:00:49.270, 00:01:02.044
1674, 3175, 2128, 2008, 1647
00:01:08.134, 00:01:21.266
1706, 3069, 2067, 1837, 1647
00:01:27.256, 00:01:40.082

59528
profile_test_data/1X7945_Takeout_openApp_thru_navigation/s:/08-02-2020--13:53:42
1823, 3049, 2018, 2609, 1810
00:00:29.475, 00:00:43.284
1805, 3090, 2225, 2487, 1644
00:00:49.564, 00:01:03.315
1757, 3355, 2147, 1874, 2065
00:01:09.523, 00:01:23.221
1779, 3119, 1997, 1932, 1660
00:01:29.355, 00:01:42.342

59528
profile_test_data/1X7945_Takeout_openApp_thru_navigation/a:/08-02-2020--13:55:56
1852, 3131, 1950, 1890, 1942
00:00:29.371, 00:00:42.636
1802, 3114, 1901, 1960, 1701
00:00:48.813, 00:01:01.791
1728, 3529, 1924, 2006, 2037
00:01:07.895, 00:01:21.619
1789, 3151, 2051, 1891, 1688
00:01:27.847, 00:01:40.917

45076
profile_test_data/1X7945_Takeout_openApp_thru_navigation/e:/08-02-2020--13:58:07
2328, 3707, 2160, 2072, 1791
00:00:30.361, 00:00:44.919
2331, 3689, 2192, 2041, 1744
00:00:51.365, 00:01:05.862
2329, 3461, 2354, 1941, 2181
00:01:12.371, 00:01:27.137
2769, 3698, 2212, 1942, 1695
00:01:33.355, 00:01:48.171

59552
profile_test_data/1X7945_Takeout_openApp_thru_navigation/e:m-INTERSECTED-5/08-02-2020--14:00:19
1817, 3100, 2481, 2262, 1709
00:00:28.766, 00:00:42.635
1811, 3045, 2016, 1910, 2119
00:00:48.693, 00:01:02.094
1938, 3109, 1891, 1908, 1703
00:01:08.310, 00:01:21.359
1821, 3116, 1985, 1867, 1696
00:01:27.375, 00:01:40.360

60712
profile_test_data/1X7945_Takeout_openApp_thru_navigation/e:m/08-02-2020--14:02:33
1680, 3029, 1968, 1973, 1854
00:00:29.111, 00:00:42.115
1690, 3180, 2289, 2129, 2234
00:00:48.177, 00:01:02.199
1692, 3066, 2168, 1916, 1576
00:01:08.277, 00:01:21.195
1698, 3055, 1945, 1924, 1657
00:01:27.212, 00:01:39.991

60552
profile_test_data/1X7945_Takeout_openApp_thru_navigation/e:mmmmm-INTERSECTED-5/08-02-2020--14:04:49
1773, 3041, 2161, 2519, 1726
00:00:29.179, 00:00:42.899
1741, 3016, 1982, 1907, 1699
00:00:49.024, 00:01:01.869
1702, 3513, 1918, 2083, 2003
00:01:07.878, 00:01:21.597
1760, 2921, 1997, 1958, 1683
00:01:27.783, 00:01:40.602

62000
profile_test_data/1X7945_Takeout_openApp_thru_navigation/e:mmmmm/08-02-2020--14:07:00
1765, 2997, 1935, 2598, 2082
00:00:28.997, 00:00:42.874
1672, 2911, 1972, 1905, 1935
00:00:49.033, 00:01:01.928
1694, 3107, 2139, 1878, 1593
00:01:08.131, 00:01:21.042
1872, 2919, 1980, 2008, 1825
00:01:27.178, 00:01:40.282

59528
profile_test_data/1X7945_Takeout_openApp_thru_navigation/s:/08-02-2020--14:09:15
1757, 3172, 1944, 1975, 1734
00:00:29.355, 00:00:42.437
1805, 3242, 1958, 2025, 1624
00:00:48.809, 00:01:01.963
1781, 3023, 2493, 1832, 1674
00:01:08.155, 00:01:21.458
1789, 3297, 2020, 1838, 1863
00:01:28.383, 00:01:41.690

59528
profile_test_data/1X7945_Takeout_openApp_thru_navigation/a:/08-02-2020--14:11:26
1795, 3115, 2050, 1951, 1589
00:00:29.635, 00:00:42.635
1742, 2907, 1975, 1906, 1737
00:00:48.841, 00:01:01.608
1737, 3090, 1992, 1940, 1694
00:01:07.657, 00:01:20.610
1779, 2981, 1970, 1924, 1714
00:01:26.519, 00:01:39.387

45076
profile_test_data/1X7945_Takeout_openApp_thru_navigation/e:/08-02-2020--14:13:34
2355, 3517, 2145, 1959, 2084
00:00:29.848, 00:00:44.408
2433, 3472, 2209, 2562, 1806
00:00:50.578, 00:01:05.560
2392, 3615, 2169, 2622, 2131
00:01:11.965, 00:01:27.394
2524, 3796, 2236, 2008, 2190
00:01:33.507, 00:01:48.761

59552
profile_test_data/1X7945_Takeout_openApp_thru_navigation/e:m-INTERSECTED-5/08-02-2020--14:16:10
1846, 3024, 2672, 1989, 1750
00:00:29.039, 00:00:42.820
1803, 3056, 2002, 2073, 1565
00:00:49.121, 00:01:02.120
1807, 3082, 2150, 2025, 1913
00:01:08.331, 00:01:21.808
1865, 3167, 1977, 1941, 1609
00:01:28.045, 00:01:41.104

60712
profile_test_data/1X7945_Takeout_openApp_thru_navigation/e:m/08-02-2020--14:18:26
1665, 3034, 1900, 1939, 1782
00:00:37.988, 00:00:50.808
1737, 2938, 1883, 1926, 1589
00:00:56.819, 00:01:09.392
1699, 3026, 1905, 1928, 1748
00:01:15.489, 00:01:28.295
1975, 3016, 1903, 1941, 1666
00:01:34.435, 00:01:47.436

60552
profile_test_data/1X7945_Takeout_openApp_thru_navigation/e:mmmmm-INTERSECTED-5/08-02-2020--14:20:52
1765, 3544, 1926, 1873, 2045
00:00:29.459, 00:00:43.112
1811, 3023, 1856, 1907, 1779
00:00:49.277, 00:01:02.153
1899, 2913, 1954, 1929, 1857
00:01:08.370, 00:01:21.422
1712, 2937, 1925, 1941, 1770
00:01:27.433, 00:01:40.218

62000
profile_test_data/1X7945_Takeout_openApp_thru_navigation/e:mmmmm/08-02-2020--14:23:04
1732, 2998, 2129, 1891, 2040
00:00:28.794, 00:00:42.084
1670, 2993, 1942, 1940, 1931
00:00:48.148, 00:01:01.124
1719, 2902, 2065, 1942, 1667
00:01:07.322, 00:01:20.117
1713, 2880, 1985, 1824, 1894
00:01:26.377, 00:01:39.173

59528
profile_test_data/1X7945_Takeout_openApp_thru_navigation/s:/08-02-2020--14:25:13
1732, 3041, 2159, 2557, 1872
00:00:28.785, 00:00:42.646
1785, 3253, 1964, 1955, 1657
00:00:48.888, 00:01:02.002
1800, 2985, 1944, 2605, 1641
00:01:08.090, 00:01:21.565
1792, 2977, 1988, 1907, 1687
00:01:27.799, 00:01:40.650

59528
profile_test_data/1X7945_Takeout_openApp_thru_navigation/a:/08-02-2020--14:27:26
1702, 3045, 1962, 1957, 1728
00:00:29.465, 00:00:42.359
1751, 3258, 1976, 2581, 1584
00:00:48.530, 00:01:02.180
1741, 2956, 2126, 1858, 1709
00:01:08.502, 00:01:21.392
1737, 3038, 2164, 1839, 1648
00:01:27.445, 00:01:40.371

45076
profile_test_data/1X7945_Takeout_openApp_thru_navigation/e:/08-02-2020--14:29:46
2261, 3440, 2138, 2606, 1680
00:00:29.489, 00:00:44.114
2412, 3585, 2166, 1957, 1986
00:00:50.375, 00:01:04.981
2360, 3386, 2097, 1974, 1724
00:01:11.239, 00:01:25.280
2338, 3531, 2190, 2598, 1589
00:01:31.446, 00:01:46.192

59552
profile_test_data/1X7945_Takeout_openApp_thru_navigation/e:m-INTERSECTED-5/08-02-2020--14:32:04
1921, 3006, 2012, 2048, 1545
00:00:28.828, 00:00:41.860
1763, 2943, 1938, 1941, 1679
00:00:47.815, 00:01:00.579
1797, 2973, 2007, 1940, 1658
00:01:06.822, 00:01:19.697
1789, 3119, 1889, 1990, 1750
00:01:25.769, 00:01:38.806

60712
profile_test_data/1X7945_Takeout_openApp_thru_navigation/e:m/08-02-2020--14:34:14
1740, 3034, 1931, 1915, 2096
00:00:29.273, 00:00:42.489
1716, 3456, 1913, 2008, 1625
00:00:48.680, 00:01:01.898
1704, 2934, 1914, 1944, 1764
00:01:08.699, 00:01:21.459
1751, 2975, 1923, 1858, 1591
00:01:28.144, 00:01:40.742

60552
profile_test_data/1X7945_Takeout_openApp_thru_navigation/e:mmmmm-INTERSECTED-5/08-02-2020--14:36:24
1839, 3016, 2184, 1857, 1961
00:00:28.640, 00:00:41.997
1833, 3018, 1867, 2094, 1592
00:00:48.201, 00:01:01.105
1766, 3111, 1939, 1900, 1684
00:01:07.065, 00:01:19.965
1995, 3012, 1935, 1920, 1633
00:01:26.223, 00:01:39.218

62000
profile_test_data/1X7945_Takeout_openApp_thru_navigation/e:mmmmm/08-02-2020--14:38:31
1723, 2937, 1977, 1913, 1670
00:00:29.236, 00:00:41.956
1724, 2997, 1999, 1882, 1730
00:00:48.165, 00:01:00.997
1712, 2974, 1908, 2074, 2093
00:01:07.700, 00:01:20.961
1670, 2934, 1982, 1870, 1844
00:01:27.206, 00:01:40.006

59528
profile_test_data/1X7945_Takeout_openApp_thru_navigation/s:/08-02-2020--14:40:39
1797, 3098, 2033, 1958, 1966
00:00:29.097, 00:00:42.449
1782, 3138, 1895, 2588, 1898
00:00:49.071, 00:01:02.872
1765, 3031, 2218, 1840, 1652
00:01:08.940, 00:01:21.946
1741, 3051, 2079, 2053, 1622
00:01:28.104, 00:01:41.150

59528
profile_test_data/1X7945_Takeout_openApp_thru_navigation/a:/08-02-2020--14:42:57
1780, 3058, 1993, 1897, 2174
00:00:28.800, 00:00:42.202
1791, 3112, 1973, 2011, 1703
00:00:48.390, 00:01:01.480
1805, 3016, 2001, 1828, 1705
00:01:07.587, 00:01:20.442
1823, 3088, 1997, 2024, 1666
00:01:26.533, 00:01:39.631

45076
profile_test_data/1X7945_Takeout_openApp_thru_navigation/e:/08-02-2020--14:45:15
2331, 3670, 2145, 1975, 2100
00:00:30.219, 00:00:44.940
2333, 3360, 2127, 2620, 1622
00:00:51.071, 00:01:05.633
2329, 3919, 3027, 2095, 1880
00:01:11.941, 00:01:27.691
2364, 3528, 2188, 1957, 2148
00:01:33.935, 00:01:48.620

59552
profile_test_data/1X7945_Takeout_openApp_thru_navigation/e:m-INTERSECTED-5/08-02-2020--14:47:35
1855, 3101, 1865, 1901, 1811
00:00:29.263, 00:00:42.296
1851, 3093, 1993, 2579, 1735
00:00:48.269, 00:01:02.020
1818, 3048, 2013, 1926, 1993
00:01:08.282, 00:01:21.580
1783, 3112, 1999, 1901, 1701
00:01:28.062, 00:01:41.058

60712
profile_test_data/1X7945_Takeout_openApp_thru_navigation/e:m/08-02-2020--14:49:53
1703, 3164, 1987, 2073, 2332
00:00:29.374, 00:00:43.133
1723, 2890, 2076, 2535, 1701
00:00:49.207, 00:01:02.632
1758, 3257, 1970, 1958, 1664
00:01:08.919, 00:01:22.026
1816, 3351, 2076, 2102, 1619
00:01:28.252, 00:01:41.716

60552
profile_test_data/1X7945_Takeout_openApp_thru_navigation/e:mmmmm-INTERSECTED-5/08-02-2020--14:52:08
1797, 2886, 1881, 1908, 1973
00:00:28.926, 00:00:41.871
1867, 2847, 1936, 1992, 1710
00:00:47.991, 00:01:00.843
1816, 3058, 2002, 1979, 1657
00:01:06.950, 00:01:19.962
1818, 2991, 2171, 1873, 1924
00:01:26.478, 00:01:39.755

62000
profile_test_data/1X7945_Takeout_openApp_thru_navigation/e:mmmmm/08-02-2020--14:54:22
1740, 2820, 1859, 2111, 1793
00:00:29.060, 00:00:41.883
1682, 2995, 1853, 1911, 1695
00:00:47.866, 00:01:00.502
1811, 3106, 1984, 1918, 1677
00:01:06.551, 00:01:19.547
1734, 3129, 1951, 1912, 1643
00:01:25.620, 00:01:38.489

59528
profile_test_data/1X7945_Takeout_openApp_thru_navigation/s:/08-02-2020--14:56:37
1769, 3144, 2158, 1891, 2282
00:00:28.913, 00:00:42.657
1757, 3033, 2100, 2021, 1605
00:00:48.880, 00:01:01.896
1783, 3019, 2030, 1842, 1669
00:01:07.958, 00:01:20.801
1775, 3084, 2052, 1891, 1742
00:01:27.025, 00:01:40.069

59528
profile_test_data/1X7945_Takeout_openApp_thru_navigation/a:/08-02-2020--14:59:05
1844, 3126, 2076, 1927, 1842
00:00:29.602, 00:00:42.917
1742, 3158, 1994, 1941, 1672
00:00:49.104, 00:01:02.111
1814, 3203, 2090, 1891, 2161
00:01:08.173, 00:01:21.832
1814, 3332, 2000, 1957, 2241
00:01:28.005, 00:01:41.849

45076
profile_test_data/1X7945_Takeout_openApp_thru_navigation/e:/08-02-2020--15:01:21
2476, 3685, 2183, 2594, 2062
00:00:30.137, 00:00:45.637
2480, 3627, 2218, 2620, 1846
00:00:52.135, 00:01:07.426
2505, 3824, 2196, 1974, 1871
00:01:14.032, 00:01:28.902
2440, 3690, 2251, 2520, 1656
00:01:35.151, 00:01:50.208

59552
profile_test_data/1X7945_Takeout_openApp_thru_navigation/e:m-INTERSECTED-5/08-02-2020--15:03:52
1825, 3004, 1929, 2603, 1978
00:00:29.185, 00:00:43.024
1845, 3270, 1989, 2585, 1728
00:00:49.515, 00:01:03.432
1819, 3415, 2190, 1959, 1745
00:01:09.759, 00:01:23.387
1822, 3113, 2059, 1920, 1620
00:01:29.727, 00:01:42.761

60712
profile_test_data/1X7945_Takeout_openApp_thru_navigation/e:m/08-02-2020--15:06:11
1794, 3171, 2003, 1943, 1925
00:00:29.000, 00:00:42.336
1747, 3064, 1957, 2641, 1619
00:00:48.849, 00:01:02.377
1785, 3105, 2446, 2485, 1660
00:01:08.949, 00:01:22.930
1721, 3108, 2052, 1908, 1689
00:01:29.030, 00:01:42.008

60552
profile_test_data/1X7945_Takeout_openApp_thru_navigation/e:mmmmm-INTERSECTED-5/08-02-2020--15:08:25
1803, 2985, 1958, 1957, 1873
00:00:29.597, 00:00:42.673
1768, 3131, 1983, 2597, 1604
00:00:48.697, 00:01:02.280
1788, 3070, 1979, 1907, 1689
00:01:08.475, 00:01:21.408
1817, 3081, 1958, 1908, 1698
00:01:27.573, 00:01:40.535

62000
profile_test_data/1X7945_Takeout_openApp_thru_navigation/e:mmmmm/08-02-2020--15:10:44
1742, 3046, 1952, 1993, 1940
00:00:30.015, 00:00:43.188
1748, 3074, 2010, 1992, 2082
00:00:49.367, 00:01:02.773
1759, 3155, 2260, 2044, 2163
00:01:08.922, 00:01:22.803
1747, 3054, 1992, 1959, 1669
00:01:29.032, 00:01:41.953

59528
profile_test_data/1X7945_Takeout_openApp_thru_navigation/s:/08-02-2020--15:12:55
1844, 3079, 2218, 2040, 2515
00:00:29.664, 00:00:43.860
1834, 3530, 1982, 2009, 1704
00:00:50.007, 00:01:03.566
1847, 3457, 2225, 2607, 2090
00:01:09.726, 00:01:24.452
1953, 3212, 2049, 2603, 1955
00:01:30.602, 00:01:44.874

59528
profile_test_data/1X7945_Takeout_openApp_thru_navigation/a:/08-02-2020--15:15:14
2013, 3259, 2050, 1993, 1866
00:00:29.321, 00:00:43.002
1849, 3253, 1978, 1891, 1746
00:00:49.147, 00:01:02.364
1806, 3149, 2012, 1992, 2140
00:01:08.369, 00:01:21.968
1816, 3186, 2056, 1974, 1829
00:01:28.192, 00:01:41.553

45076
profile_test_data/1X7945_Takeout_openApp_thru_navigation/e:/08-02-2020--15:17:38
2518, 8574, 2193, 1957, 1950
00:00:31.130, 00:00:50.822
2755, 3765, 2244, 2597, 1930
00:00:57.117, 00:01:12.908
2590, 3976, 2327, 2599, 1805
00:01:19.131, 00:01:34.928
2552, 3944, 2196, 2079, 1719
00:01:41.137, 00:01:56.127

59552
profile_test_data/1X7945_Takeout_openApp_thru_navigation/e:m-INTERSECTED-5/08-02-2020--15:20:03
1741, 3059, 2090, 1920, 2308
00:00:29.711, 00:00:43.329
1794, 3123, 2002, 1908, 1706
00:00:49.550, 00:01:02.583
1846, 3231, 2092, 1961, 2081
00:01:08.610, 00:01:22.321
1888, 3288, 1991, 1973, 2221
00:01:28.475, 00:01:42.336

60712
profile_test_data/1X7945_Takeout_openApp_thru_navigation/e:m/08-02-2020--15:22:29
1717, 3064, 1964, 1958, 2107
00:00:28.708, 00:00:42.018
1761, 3095, 2038, 1991, 1681
00:00:48.536, 00:01:01.602
1786, 3115, 1930, 2587, 1626
00:01:07.539, 00:01:21.083
1776, 3040, 2500, 1937, 2046
00:01:27.585, 00:01:41.384

60552
profile_test_data/1X7945_Takeout_openApp_thru_navigation/e:mmmmm-INTERSECTED-5/08-02-2020--15:24:53
1742, 3376, 1943, 1908, 1988
00:00:28.763, 00:00:42.220
1782, 3070, 1938, 2042, 1658
00:00:48.849, 00:01:01.839
1873, 2996, 1978, 2598, 1828
00:01:07.921, 00:01:21.694
1854, 3066, 1942, 1945, 1660
00:01:27.884, 00:01:40.851

62000
profile_test_data/1X7945_Takeout_openApp_thru_navigation/e:mmmmm/08-02-2020--15:27:13
1707, 2926, 2001, 2075, 1728
00:00:28.909, 00:00:41.846
1808, 3199, 2181, 2329, 1697
00:00:47.985, 00:01:01.699
1827, 3237, 2130, 2513, 1673
00:01:07.813, 00:01:21.693
1755, 3002, 1903, 1975, 1712
00:01:27.902, 00:01:40.749

59528
profile_test_data/1X7945_Takeout_openApp_thru_navigation/s:/08-02-2020--15:29:32
1806, 3058, 2042, 1899, 1660
00:00:28.823, 00:00:41.788
1783, 3182, 2062, 1865, 1780
00:00:47.837, 00:01:01.009
1835, 3347, 2226, 1849, 1807
00:01:07.058, 00:01:20.622
1885, 3195, 2018, 1926, 2231
00:01:26.748, 00:01:40.503

59528
profile_test_data/1X7945_Takeout_openApp_thru_navigation/a:/08-02-2020--15:31:50
1834, 3143, 1891, 2085, 2098
00:00:29.223, 00:00:42.774
1884, 3190, 2037, 2605, 1708
00:00:48.852, 00:01:02.776
1833, 3425, 2052, 1926, 1880
00:01:09.034, 00:01:22.650
1845, 3131, 2045, 2571, 1738
00:01:29.019, 00:01:42.849

45076
profile_test_data/1X7945_Takeout_openApp_thru_navigation/e:/08-02-2020--15:34:10
2402, 3429, 2169, 1975, 1893
00:00:29.676, 00:00:44.044
2578, 3689, 2221, 1894, 1922
00:00:50.290, 00:01:05.094
2669, 3772, 2437, 1957, 1959
00:01:11.257, 00:01:26.551
2537, 3798, 2236, 1974, 1827
00:01:33.160, 00:01:48.032

59552
profile_test_data/1X7945_Takeout_openApp_thru_navigation/e:m-INTERSECTED-5/08-02-2020--15:36:35
1725, 3188, 2262, 2009, 2116
00:00:29.020, 00:00:42.820
1799, 3078, 2017, 1909, 1824
00:00:48.995, 00:01:02.122
1875, 3217, 2089, 1907, 1816
00:01:08.203, 00:01:21.607
1815, 3124, 2056, 1907, 1675
00:01:28.049, 00:01:41.126

60712
profile_test_data/1X7945_Takeout_openApp_thru_navigation/e:m/08-02-2020--15:39:01
1706, 3045, 1872, 1923, 2104
00:00:29.328, 00:00:42.478
1763, 3238, 2006, 1851, 2166
00:00:48.536, 00:01:02.060
1788, 3150, 1925, 2023, 1616
00:01:08.235, 00:01:21.237
1753, 3113, 2008, 1994, 1661
00:01:27.321, 00:01:40.350

60552
profile_test_data/1X7945_Takeout_openApp_thru_navigation/e:mmmmm-INTERSECTED-5/08-02-2020--15:41:11
1737, 2943, 1954, 1925, 1758
00:00:29.139, 00:00:41.956
1816, 3129, 1968, 2592, 1691
00:00:48.200, 00:01:01.896
1818, 3019, 2112, 1926, 1727
00:01:08.153, 00:01:21.255
1846, 3014, 2485, 2024, 1632
00:01:27.660, 00:01:41.161

62000
profile_test_data/1X7945_Takeout_openApp_thru_navigation/e:mmmmm/08-02-2020--15:43:21
1789, 2871, 1897, 1911, 1807
00:00:29.779, 00:00:42.554
1753, 3046, 1934, 1926, 1677
00:00:48.822, 00:01:01.658
1743, 3074, 1954, 2892, 1746
00:01:07.781, 00:01:21.690
1761, 2986, 1942, 1941, 1673
00:01:27.742, 00:01:40.545

59528
profile_test_data/1X7945_Takeout_openApp_thru_navigation/s:/08-02-2020--15:45:33
1770, 2965, 1917, 1992, 1850
00:00:29.325, 00:00:42.319
1837, 3100, 1947, 1958, 2233
00:00:48.512, 00:01:02.087
1829, 3211, 2027, 1941, 1625
00:01:08.200, 00:01:21.333
1874, 3214, 2022, 2617, 1764
00:01:27.336, 00:01:41.327

59528
profile_test_data/1X7945_Takeout_openApp_thru_navigation/a:/08-02-2020--15:47:55
1742, 3204, 1996, 2025, 1809
00:00:30.190, 00:00:43.466
1751, 2999, 1949, 1934, 1599
00:00:49.513, 00:01:02.245
1794, 3076, 1988, 1958, 1737
00:01:08.127, 00:01:21.180
1797, 3162, 2047, 1990, 2195
00:01:27.266, 00:01:40.957

45076
profile_test_data/1X7945_Takeout_openApp_thru_navigation/e:/08-02-2020--15:50:15
2467, 3488, 2171, 1942, 2323
00:00:30.402, 00:00:45.293
2305, 3430, 2126, 2096, 1656
00:00:51.458, 00:01:05.571
2428, 3363, 2671, 2478, 2157
00:01:11.704, 00:01:27.301
2488, 3740, 2234, 2593, 1677
00:01:33.368, 00:01:48.600

59552
profile_test_data/1X7945_Takeout_openApp_thru_navigation/e:m-INTERSECTED-5/08-02-2020--15:52:37
1787, 2971, 1955, 1960, 1861
00:00:29.506, 00:00:42.540
1747, 3054, 1959, 1872, 1682
00:00:48.773, 00:01:01.587
1825, 3172, 2113, 2585, 1634
00:01:07.835, 00:01:21.664
1816, 3045, 2012, 1973, 1713
00:01:27.815, 00:01:40.874

60712
profile_test_data/1X7945_Takeout_openApp_thru_navigation/e:m/08-02-2020--15:54:52
1760, 3171, 1893, 1942, 1812
00:00:29.088, 00:00:42.166
1717, 3018, 1882, 1865, 1860
00:00:49.060, 00:01:01.902
1730, 3075, 2186, 1914, 1723
00:01:08.138, 00:01:21.266
1772, 2998, 1975, 1926, 1694
00:01:27.315, 00:01:40.180

60552
profile_test_data/1X7945_Takeout_openApp_thru_navigation/e:mmmmm-INTERSECTED-5/08-02-2020--15:57:04
1746, 2692, 2173, 2602, 1700
00:00:28.764, 00:00:42.177
1776, 2857, 1955, 2572, 2003
00:00:48.334, 00:01:01.997
1825, 3188, 1971, 2615, 1702
00:01:08.183, 00:01:21.984
1796, 3048, 1947, 2616, 1867
00:01:28.282, 00:01:42.056

62000
profile_test_data/1X7945_Takeout_openApp_thru_navigation/e:mmmmm/08-02-2020--15:59:15
1701, 2960, 1955, 1929, 1750
00:00:28.940, 00:00:41.735
1726, 2924, 1869, 1941, 1767
00:00:48.020, 00:01:00.747
1719, 2890, 1890, 1920, 2390
00:01:06.961, 00:01:20.270
1693, 2897, 1852, 1786, 1686
00:01:26.291, 00:01:38.705

59528
profile_test_data/1X7945_Takeout_openApp_thru_navigation/s:/08-02-2020--16:01:28
1842, 2997, 2045, 1923, 2020
00:00:29.075, 00:00:42.402
1702, 3266, 2003, 2623, 1567
00:00:48.440, 00:01:02.101
1852, 3152, 1945, 1925, 1624
00:01:08.174, 00:01:21.172
1809, 3128, 1890, 1780, 1678
00:01:27.365, 00:01:40.150

59528
profile_test_data/1X7945_Takeout_openApp_thru_navigation/a:/08-02-2020--16:03:38
1845, 3150, 1946, 1990, 1698
00:00:28.719, 00:00:41.848
1859, 3063, 2019, 1906, 2225
00:00:47.891, 00:01:01.463
1769, 3258, 1924, 1951, 1601
00:01:07.614, 00:01:20.617
1785, 3083, 1932, 1890, 1692
00:01:26.827, 00:01:39.709

45076
profile_test_data/1X7945_Takeout_openApp_thru_navigation/e:/08-02-2020--16:05:49
2335, 3719, 2105, 1940, 2261
00:00:30.088, 00:00:44.948
2811, 3523, 2137, 1961, 1829
00:00:51.076, 00:01:05.837
2532, 3737, 2178, 1957, 1930
00:01:12.040, 00:01:26.874
2613, 3623, 2257, 2126, 1684
00:01:33.161, 00:01:47.964

59552
profile_test_data/1X7945_Takeout_openApp_thru_navigation/e:m-INTERSECTED-5/08-02-2020--16:08:02
1833, 3070, 2916, 1898, 1767
00:00:29.210, 00:00:43.194
1767, 2999, 1933, 1958, 1674
00:00:49.352, 00:01:02.183
1912, 3161, 2030, 1943, 1675
00:01:08.320, 00:01:21.541
1891, 3077, 1964, 2615, 1662
00:01:27.662, 00:01:41.371

60712
profile_test_data/1X7945_Takeout_openApp_thru_navigation/e:m/08-02-2020--16:10:12
1735, 3008, 1973, 1888, 1921
00:00:29.000, 00:00:42.025
1699, 3011, 1885, 1822, 1783
00:00:48.154, 00:01:00.854
1788, 2969, 1963, 2589, 1617
00:01:07.089, 00:01:20.515
1831, 3103, 2041, 1904, 1645
00:01:27.075, 00:01:40.099

60552
profile_test_data/1X7945_Takeout_openApp_thru_navigation/e:mmmmm-INTERSECTED-5/08-02-2020--16:12:34
1775, 2974, 1890, 1889, 1810
00:00:28.740, 00:00:41.578
1736, 2933, 1969, 1873, 1717
00:00:47.701, 00:01:00.429
1724, 3023, 1928, 1925, 1718
00:01:06.745, 00:01:19.563
1829, 2975, 2024, 1824, 1682
00:01:25.680, 00:01:38.514

62000
profile_test_data/1X7945_Takeout_openApp_thru_navigation/e:mmmmm/08-02-2020--16:14:53
1704, 2798, 1851, 1925, 2014
00:00:28.799, 00:00:41.591
1713, 2979, 1938, 1902, 1856
00:00:47.717, 00:01:00.605
1699, 2939, 1874, 2024, 1703
00:01:06.814, 00:01:19.553
1785, 2885, 1909, 1773, 1752
00:01:25.743, 00:01:38.347

59528
profile_test_data/1X7945_Takeout_openApp_thru_navigation/s:/08-02-2020--16:17:14
1829, 3027, 1939, 2008, 2185
00:00:28.770, 00:00:42.258
1792, 3028, 2172, 2009, 1696
00:00:48.471, 00:01:01.668
1766, 2946, 2052, 1936, 1790
00:01:07.806, 00:01:20.796
1768, 3085, 1929, 1924, 1775
00:01:26.866, 00:01:39.847

59528
profile_test_data/1X7945_Takeout_openApp_thru_navigation/a:/08-02-2020--16:19:29
1809, 2973, 1993, 1976, 2123
00:00:28.977, 00:00:42.351
1775, 2963, 1964, 1926, 1725
00:00:48.519, 00:01:01.372
1750, 3147, 1919, 1907, 1728
00:01:07.619, 00:01:20.570
1823, 3441, 1985, 1974, 1994
00:01:26.718, 00:01:40.435

45076
profile_test_data/1X7945_Takeout_openApp_thru_navigation/e:/08-02-2020--16:21:41
2328, 3814, 2249, 2545, 1870
00:00:30.746, 00:00:46.052
2375, 3715, 2214, 1941, 2050
00:00:52.376, 00:01:07.171
2516, 3676, 2211, 2577, 1716
00:01:13.360, 00:01:28.556
2485, 3618, 2202, 1958, 1904
00:01:34.506, 00:01:49.173

59552
profile_test_data/1X7945_Takeout_openApp_thru_navigation/e:m-INTERSECTED-5/08-02-2020--16:24:00
1897, 3427, 2148, 2396, 1927
00:00:28.953, 00:00:43.248
1817, 3240, 2019, 2632, 1651
00:00:49.703, 00:01:03.562
1871, 3078, 2019, 1989, 1722
00:01:09.785, 00:01:22.964
1851, 3200, 2260, 2536, 2096
00:01:29.103, 00:01:43.546

60712
profile_test_data/1X7945_Takeout_openApp_thru_navigation/e:m/08-02-2020--16:26:15
1779, 3103, 1904, 2599, 1701
00:00:28.681, 00:00:42.267
1803, 2965, 1860, 2628, 2040
00:00:48.492, 00:01:02.288
1744, 3292, 1968, 2008, 1680
00:01:08.485, 00:01:21.677
1914, 3112, 1917, 1977, 1683
00:01:27.829, 00:01:40.932

60552
profile_test_data/1X7945_Takeout_openApp_thru_navigation/e:mmmmm-INTERSECTED-5/08-02-2020--16:28:35
1854, 3567, 1925, 1957, 1683
00:00:29.053, 00:00:42.539
2179, 3048, 1962, 2058, 2056
00:00:49.022, 00:01:02.825
1775, 3035, 1991, 1847, 1726
00:01:08.954, 00:01:21.828
1798, 3023, 1955, 1908, 1671
00:01:28.056, 00:01:40.911

62000
profile_test_data/1X7945_Takeout_openApp_thru_navigation/e:mmmmm/08-02-2020--16:30:45
1668, 2951, 1936, 1957, 1731
00:00:28.869, 00:00:41.612
1743, 2915, 1835, 1940, 1889
00:00:47.926, 00:01:00.748
1682, 2968, 2066, 1874, 1820
00:01:06.845, 00:01:19.755
1656, 2898, 1948, 1943, 1766
00:01:25.937, 00:01:38.648

59528
profile_test_data/1X7945_Takeout_openApp_thru_navigation/s:/08-02-2020--16:33:02
2338, 3053, 1992, 1919, 1745
00:00:29.126, 00:00:42.673
1888, 3170, 1987, 1924, 2135
00:00:48.940, 00:01:02.544
1934, 3240, 2138, 2627, 1657
00:01:08.584, 00:01:22.680
1888, 3170, 2146, 1856, 1766
00:01:28.768, 00:01:42.094

59528
profile_test_data/1X7945_Takeout_openApp_thru_navigation/a:/08-02-2020--16:35:20
1782, 2992, 1942, 1929, 1609
00:00:29.117, 00:00:41.871
1755, 3171, 1912, 1941, 2116
00:00:48.059, 00:01:01.454
1828, 3156, 2139, 1923, 1722
00:01:07.607, 00:01:20.875
1911, 3244, 2065, 1941, 2182
00:01:27.605, 00:01:41.448

45076
profile_test_data/1X7945_Takeout_openApp_thru_navigation/e:/08-02-2020--16:37:34
2392, 3462, 2221, 2024, 2165
00:00:30.082, 00:00:44.846
2383, 3446, 2203, 1960, 2280
00:00:51.065, 00:01:05.837
2493, 3617, 2221, 2041, 1760
00:01:12.015, 00:01:26.647
2506, 3818, 2163, 1975, 1916
00:01:33.068, 00:01:47.946

59552
profile_test_data/1X7945_Takeout_openApp_thru_navigation/e:m-INTERSECTED-5/08-02-2020--16:39:51
1902, 3117, 1923, 1991, 1848
00:00:28.854, 00:00:42.135
1796, 3144, 2033, 1907, 1673
00:00:48.073, 00:01:01.126
1925, 3204, 2066, 2530, 1614
00:01:07.185, 00:01:21.024
1813, 3062, 2078, 1957, 2138
00:01:27.190, 00:01:40.738

60712
profile_test_data/1X7945_Takeout_openApp_thru_navigation/e:m/08-02-2020--16:42:03
1747, 2949, 2053, 1921, 1855
00:00:28.689, 00:00:41.714
1758, 3017, 1881, 1975, 1693
00:00:47.880, 00:01:00.704
1712, 3146, 1850, 2024, 1653
00:01:06.830, 00:01:19.715
1723, 3155, 1959, 1957, 1669
00:01:25.751, 00:01:38.714

60552
profile_test_data/1X7945_Takeout_openApp_thru_navigation/e:mmmmm-INTERSECTED-5/08-02-2020--16:44:11


62000
profile_test_data/1X7945_Takeout_openApp_thru_navigation/e:mmmmm/08-02-2020--16:45:20
1723, 2971, 2060, 1806, 1717
00:00:29.140, 00:00:41.917
1690, 3087, 1928, 1890, 1747
00:00:48.000, 00:01:00.842
1700, 3141, 1880, 1840, 1616
00:01:06.962, 00:01:19.639
1841, 2904, 1892, 1933, 1743
00:01:26.111, 00:01:38.924

59528
profile_test_data/1X7945_Takeout_openApp_thru_navigation/s:/08-02-2020--16:47:30
1722, 3088, 1911, 1907, 1697
00:00:29.473, 00:00:42.298
1810, 3054, 1945, 2591, 1887
00:00:48.541, 00:01:02.328
1828, 3031, 1918, 1916, 1687
00:01:08.525, 00:01:21.405
1783, 2948, 2017, 1941, 1675
00:01:27.715, 00:01:40.579

59528
profile_test_data/1X7945_Takeout_openApp_thru_navigation/a:/08-02-2020--16:49:48
1756, 2897, 2151, 1846, 1840
00:00:29.228, 00:00:42.218
1779, 2986, 1944, 1876, 1584
00:00:48.306, 00:01:00.975
1755, 3063, 2003, 1876, 1819
00:01:07.255, 00:01:20.271
1763, 3045, 2091, 2051, 2206
00:01:26.333, 00:01:39.989

45076
profile_test_data/1X7945_Takeout_openApp_thru_navigation/e:/08-02-2020--16:52:03
2219, 3440, 2087, 1975, 2225
00:00:29.756, 00:00:44.202
2438, 3719, 2129, 2099, 1845
00:00:50.492, 00:01:05.222
2401, 3592, 2157, 1859, 1696
00:01:11.282, 00:01:25.487
2379, 3442, 2113, 1956, 2100
00:01:31.700, 00:01:46.190

59552
profile_test_data/1X7945_Takeout_openApp_thru_navigation/e:m-INTERSECTED-5/08-02-2020--16:54:33
1810, 3025, 2004, 1941, 1877
00:00:29.561, 00:00:42.718
1850, 2988, 1926, 1913, 1612
00:00:48.769, 00:01:01.558
1844, 3175, 1930, 1957, 2340
00:01:07.572, 00:01:21.318
1802, 3085, 1916, 1943, 1632
00:01:27.540, 00:01:40.418

60712
profile_test_data/1X7945_Takeout_openApp_thru_navigation/e:m/08-02-2020--16:56:41
1775, 2870, 1878, 1931, 1848
00:00:28.874, 00:00:41.676
1721, 3034, 1881, 1920, 1667
00:00:47.826, 00:01:00.549
1690, 2898, 1915, 1963, 1797
00:01:06.887, 00:01:19.650
1693, 2934, 1884, 1914, 1876
00:01:25.829, 00:01:38.630

60552
profile_test_data/1X7945_Takeout_openApp_thru_navigation/e:mmmmm-INTERSECTED-5/08-02-2020--16:58:50
1847, 2888, 1861, 1928, 1820
00:00:28.892, 00:00:41.736
1774, 2922, 2060, 2552, 1601
00:00:48.031, 00:01:01.440
1760, 3079, 1918, 1934, 1637
00:01:07.987, 00:01:20.815
1762, 2837, 1930, 1902, 1852
00:01:27.042, 00:01:39.825

62000
profile_test_data/1X7945_Takeout_openApp_thru_navigation/e:mmmmm/08-02-2020--17:01:00
1734, 2935, 1893, 1902, 1819
00:00:28.781, 00:00:41.564
1689, 2845, 1870, 1974, 1817
00:00:47.605, 00:01:00.300
1722, 3034, 2225, 2435, 1858
00:01:06.531, 00:01:20.305
1752, 3083, 1957, 1910, 1689
00:01:26.487, 00:01:39.378

59528
profile_test_data/1X7945_Takeout_openApp_thru_navigation/s:/08-02-2020--17:03:09
1819, 3587, 1948, 1938, 1928
00:00:29.598, 00:00:43.318
1742, 3069, 1912, 2085, 1678
00:00:49.310, 00:01:02.296
1848, 3138, 2085, 2594, 1636
00:01:08.373, 00:01:22.174
1844, 3158, 2201, 1925, 1734
00:01:28.353, 00:01:41.715

59528
profile_test_data/1X7945_Takeout_openApp_thru_navigation/a:/08-02-2020--17:05:19
1793, 3114, 1986, 1957, 1970
00:00:29.202, 00:00:42.522
1802, 3167, 1948, 1960, 1668
00:00:48.783, 00:01:01.828
1892, 2800, 2676, 2107, 1685
00:01:07.988, 00:01:21.648
1872, 3196, 2043, 2125, 1649
00:01:27.840, 00:01:41.225

45076
profile_test_data/1X7945_Takeout_openApp_thru_navigation/e:/08-02-2020--17:07:35
2402, 3605, 2200, 2590, 2022
00:00:30.378, 00:00:45.697
2382, 3570, 2143, 1975, 2252
00:00:52.371, 00:01:07.193
2434, 3539, 2492, 2537, 1638
00:01:13.352, 00:01:28.492
2630, 3727, 2287, 2008, 1731
00:01:34.720, 00:01:49.603

59552
profile_test_data/1X7945_Takeout_openApp_thru_navigation/e:m-INTERSECTED-5/08-02-2020--17:09:57
1720, 3068, 1961, 1991, 1762
00:00:29.278, 00:00:42.280
1857, 3146, 1897, 1811, 1602
00:00:48.348, 00:01:01.161
1871, 3070, 2012, 1873, 1617
00:01:07.165, 00:01:20.108
1895, 3115, 2020, 2079, 1695
00:01:26.102, 00:01:39.406

60712
profile_test_data/1X7945_Takeout_openApp_thru_navigation/e:m/08-02-2020--17:12:06
1731, 3099, 1903, 1958, 1926
00:00:29.125, 00:00:42.242
1709, 3034, 1982, 2060, 1574
00:00:48.313, 00:01:01.172
1821, 3154, 1955, 1940, 2106
00:01:07.373, 00:01:20.849
1762, 3088, 1972, 1939, 1696
00:01:27.080, 00:01:40.037

60552
profile_test_data/1X7945_Takeout_openApp_thru_navigation/e:mmmmm-INTERSECTED-5/08-02-2020--17:14:19
1827, 3005, 1938, 1937, 1661
00:00:29.494, 00:00:42.362
1855, 3387, 1905, 2009, 1944
00:00:48.664, 00:01:02.264
1840, 3050, 2293, 1991, 1991
00:01:08.405, 00:01:22.070
1803, 3037, 1969, 1941, 1759
00:01:28.477, 00:01:41.486

62000
profile_test_data/1X7945_Takeout_openApp_thru_navigation/e:mmmmm/08-02-2020--17:16:29
1710, 2814, 1963, 1792, 2033
00:00:28.585, 00:00:41.397
1724, 2807, 1826, 1891, 2126
00:00:47.522, 00:01:00.396
1857, 3100, 2078, 1927, 1621
00:01:06.586, 00:01:19.669
1769, 2958, 1965, 1921, 1612
00:01:25.763, 00:01:38.488

59528
profile_test_data/1X7945_Takeout_openApp_thru_navigation/s:/08-02-2020--17:18:37
1775, 3300, 1950, 1972, 1805
00:00:28.935, 00:00:42.237
1773, 3063, 1916, 2007, 2327
00:00:48.067, 00:01:01.653
1852, 3002, 2278, 1892, 1748
00:01:07.840, 00:01:21.112
1850, 3153, 2025, 1890, 1784
00:01:27.180, 00:01:40.382

59528
profile_test_data/1X7945_Takeout_openApp_thru_navigation/a:/08-02-2020--17:20:46
1816, 3228, 1939, 1884, 1830
00:00:28.905, 00:00:42.102
1820, 3347, 2031, 1908, 1940
00:00:48.105, 00:01:01.651
1868, 3256, 2457, 2004, 1669
00:01:07.827, 00:01:21.581
1876, 3149, 2025, 2573, 1759
00:01:27.777, 00:01:41.659

45076
profile_test_data/1X7945_Takeout_openApp_thru_navigation/e:/08-02-2020--17:22:57
2346, 3643, 2121, 2698, 2228
00:00:30.205, 00:00:45.741
2452, 3498, 2197, 2076, 2114
00:00:51.940, 00:01:06.777
2398, 4024, 2163, 2490, 2101
00:01:13.063, 00:01:28.739
2630, 3572, 2221, 2596, 1775
00:01:34.988, 00:01:50.282

59552
profile_test_data/1X7945_Takeout_openApp_thru_navigation/e:m-INTERSECTED-5/08-02-2020--17:25:16
1863, 3067, 1923, 1958, 1956
00:00:29.073, 00:00:42.340
1816, 2953, 1965, 2065, 1586
00:00:48.897, 00:01:01.782
1761, 3066, 2099, 1890, 1742
00:01:07.939, 00:01:20.997
1893, 3114, 2002, 1957, 2217
00:01:27.025, 00:01:40.708

60712
profile_test_data/1X7945_Takeout_openApp_thru_navigation/e:m/08-02-2020--17:27:32
1741, 19972, 1961, 1906, 1688
00:00:28.820, 00:00:58.588
1721, 3007, 1944, 1920, 1688
00:01:04.858, 00:01:17.638
1771, 3096, 1994, 2008, 1650
00:01:23.914, 00:01:36.933
1756, 3223, 1986, 2580, 1622
00:01:43.007, 00:01:56.674

60552
profile_test_data/1X7945_Takeout_openApp_thru_navigation/e:mmmmm-INTERSECTED-5/08-02-2020--17:30:04
1789, 3126, 1933, 2604, 1808
00:00:28.801, 00:00:42.561
1759, 2944, 1852, 1891, 1853
00:00:48.710, 00:01:01.509
1782, 3098, 2025, 1924, 1656
00:01:07.800, 00:01:20.785
1897, 3265, 1974, 2607, 1530
00:01:27.006, 00:01:40.779

62000
profile_test_data/1X7945_Takeout_openApp_thru_navigation/e:mmmmm/08-02-2020--17:32:13
1809, 2985, 1900, 1923, 1683
00:00:29.911, 00:00:42.711
1720, 3039, 1893, 1992, 1678
00:00:48.844, 00:01:01.666
1659, 2894, 1906, 1940, 1918
00:01:07.907, 00:01:20.724
1863, 3094, 1971, 1957, 1657
00:01:26.871, 00:01:39.913

59528
profile_test_data/1X7945_Takeout_openApp_thru_navigation/s:/08-02-2020--17:34:23
1790, 3084, 1949, 2027, 1635
00:00:29.369, 00:00:42.354
1995, 3121, 1980, 1940, 1823
00:00:48.559, 00:01:01.918
1841, 3144, 2271, 1925, 2106
00:01:08.166, 00:01:21.953
1863, 3169, 2329, 2145, 1912
00:01:28.114, 00:01:42.032

59528
profile_test_data/1X7945_Takeout_openApp_thru_navigation/a:/08-02-2020--17:36:36
1795, 3057, 1957, 1958, 1792
00:00:29.788, 00:00:42.847
1818, 3161, 2050, 2595, 1676
00:00:48.995, 00:01:02.795
1870, 3162, 2120, 1814, 2100
00:01:08.939, 00:01:22.505
1881, 3161, 2048, 1927, 1723
00:01:28.665, 00:01:41.905

45076
profile_test_data/1X7945_Takeout_openApp_thru_navigation/e:/08-02-2020--17:38:47
2334, 3590, 2182, 2624, 2117
00:00:29.756, 00:00:45.103
2349, 3706, 2268, 2108, 1875
00:00:51.270, 00:01:06.076
2660, 3711, 2182, 1957, 1889
00:01:12.278, 00:01:27.177
2658, 3617, 2199, 2040, 1811
00:01:33.386, 00:01:48.211

59552
profile_test_data/1X7945_Takeout_openApp_thru_navigation/e:m-INTERSECTED-5/08-02-2020--17:41:06
1779, 3029, 1968, 2599, 1702
00:00:28.945, 00:00:42.522
1857, 3190, 1977, 1974, 2137
00:00:48.577, 00:01:02.212
1856, 3141, 1965, 2008, 1753
00:01:08.525, 00:01:21.748
1880, 3181, 1985, 1980, 1838
00:01:27.848, 00:01:41.212

60712
profile_test_data/1X7945_Takeout_openApp_thru_navigation/e:m/08-02-2020--17:43:23
1745, 2952, 2300, 2006, 1784
00:00:28.766, 00:00:42.053
1726, 3014, 1914, 1940, 1739
00:00:48.470, 00:01:01.303
1821, 3417, 2278, 1976, 1700
00:01:07.542, 00:01:21.234
1878, 3173, 2085, 1925, 2205
00:01:27.484, 00:01:41.250

60552
profile_test_data/1X7945_Takeout_openApp_thru_navigation/e:mmmmm-INTERSECTED-5/08-02-2020--17:45:39
1787, 3081, 1930, 1876, 2098
00:00:28.573, 00:00:41.845
1744, 2981, 1870, 2846, 1809
00:00:48.033, 00:01:01.783
1769, 2949, 2017, 2553, 2081
00:01:07.915, 00:01:21.784
1728, 2998, 1879, 1890, 1914
00:01:27.943, 00:01:40.852

62000
profile_test_data/1X7945_Takeout_openApp_thru_navigation/e:mmmmm/08-02-2020--17:47:51
1818, 3198, 1935, 1869, 2010
00:00:28.929, 00:00:42.259
1714, 3062, 1897, 1920, 1682
00:00:49.018, 00:01:01.793
1689, 3189, 1941, 2588, 1646
00:01:07.718, 00:01:21.271
1696, 2913, 2033, 1957, 1686
00:01:27.535, 00:01:40.320

59528
profile_test_data/1X7945_Takeout_openApp_thru_navigation/s:/08-02-2020--17:50:02
1823, 2850, 2397, 1908, 1922
00:00:29.182, 00:00:42.582
1750, 3111, 1987, 1938, 1718
00:00:48.904, 00:01:01.908
1834, 3219, 2025, 1942, 2104
00:01:07.973, 00:01:21.597
1832, 3145, 2083, 1925, 1783
00:01:27.809, 00:01:41.077

59528
profile_test_data/1X7945_Takeout_openApp_thru_navigation/a:/08-02-2020--17:52:13
1759, 3140, 2024, 1937, 1908
00:00:28.916, 00:00:42.184
1757, 3129, 1939, 1923, 2162
00:00:48.224, 00:01:01.634
1872, 3270, 1941, 1907, 1616
00:01:07.815, 00:01:20.921
1793, 3293, 1990, 1990, 1931
00:01:27.155, 00:01:40.652

45076
profile_test_data/1X7945_Takeout_openApp_thru_navigation/e:/08-02-2020--17:54:26
2466, 3475, 2220, 1958, 2028
00:00:30.638, 00:00:45.285
2399, 3488, 2252, 2481, 1820
00:00:51.509, 00:01:06.449
2806, 3763, 2642, 2542, 1728
00:01:12.611, 00:01:28.592
2498, 3723, 2179, 2581, 2109
00:01:34.750, 00:01:50.340

59552
profile_test_data/1X7945_Takeout_openApp_thru_navigation/e:m-INTERSECTED-5/08-02-2020--17:56:43
1822, 2923, 2194, 1874, 2423
00:00:29.081, 00:00:42.817
1916, 3200, 1953, 2112, 2073
00:00:49.019, 00:01:02.773
1827, 3128, 2236, 2013, 2094
00:01:08.997, 00:01:22.795
1840, 3048, 2088, 2007, 1736
00:01:28.972, 00:01:42.191

60712
profile_test_data/1X7945_Takeout_openApp_thru_navigation/e:m/08-02-2020--17:58:54
1706, 2914, 2002, 2467, 2087
00:00:28.906, 00:00:42.582
1772, 3157, 1989, 1957, 1778
00:00:48.739, 00:01:01.892
1775, 3190, 1991, 1974, 1661
00:01:07.893, 00:01:20.984
1773, 3103, 1956, 1960, 2165
00:01:27.162, 00:01:40.619

60552
profile_test_data/1X7945_Takeout_openApp_thru_navigation/e:mmmmm-INTERSECTED-5/08-02-2020--18:01:13
1814, 3478, 2114, 2551, 1765
00:00:29.265, 00:00:43.487
1976, 3355, 1925, 2129, 1690
00:00:49.741, 00:01:03.316
1829, 3086, 2210, 1979, 1608
00:01:09.703, 00:01:22.915
1843, 2992, 1985, 1924, 1686
00:01:29.660, 00:01:42.590

62000
profile_test_data/1X7945_Takeout_openApp_thru_navigation/e:mmmmm/08-02-2020--18:03:25
1755, 3233, 1947, 2006, 1760
00:00:29.036, 00:00:42.237
1751, 3224, 1887, 2621, 1602
00:00:48.396, 00:01:01.981
1841, 2928, 1956, 2587, 1665
00:01:08.100, 00:01:21.577
1769, 3010, 1933, 1952, 1674
00:01:28.089, 00:01:40.927

59528
profile_test_data/1X7945_Takeout_openApp_thru_navigation/s:/08-02-2020--18:05:34
1810, 3025, 1978, 1937, 1920
00:00:29.362, 00:00:42.532
1780, 3140, 2021, 1907, 2158
00:00:48.557, 00:01:02.063
1862, 3023, 2229, 1907, 1802
00:01:08.265, 00:01:21.588
1867, 3212, 2010, 1977, 1962
00:01:27.603, 00:01:41.131

59528
profile_test_data/1X7945_Takeout_openApp_thru_navigation/a:/08-02-2020--18:07:53
1789, 3034, 1980, 1975, 1973
00:00:29.163, 00:00:42.414
1818, 3281, 2012, 2597, 1702
00:00:48.982, 00:01:02.892
1863, 3121, 2208, 1956, 2162
00:01:09.068, 00:01:22.878
1864, 3238, 2007, 1922, 1838
00:01:29.045, 00:01:42.414

45076
profile_test_data/1X7945_Takeout_openApp_thru_navigation/e:/08-02-2020--18:10:20
2378, 3516, 2064, 1907, 2085
00:00:30.234, 00:00:44.684
2465, 3606, 2256, 2653, 1791
00:00:50.952, 00:01:06.223
2439, 3834, 2215, 2008, 1900
00:01:12.847, 00:01:27.743
2488, 3625, 2204, 2024, 1905
00:01:33.948, 00:01:48.694

59552
profile_test_data/1X7945_Takeout_openApp_thru_navigation/e:m-INTERSECTED-5/08-02-2020--18:12:55
1806, 3146, 1922, 1803, 1751
00:00:28.962, 00:00:41.890
1773, 2999, 2570, 1777, 2025
00:00:48.046, 00:01:01.690
1939, 3512, 2326, 1956, 1636
00:01:07.894, 00:01:21.763
1857, 3046, 1984, 2077, 1574
00:01:27.974, 00:01:41.012

60712
profile_test_data/1X7945_Takeout_openApp_thru_navigation/e:m/08-02-2020--18:15:12
1686, 3008, 1891, 1907, 2042
00:00:28.934, 00:00:41.968
1743, 3119, 1922, 1871, 1740
00:00:48.008, 00:01:00.903
1738, 3100, 1974, 1841, 1641
00:01:06.945, 00:01:19.739
1780, 3160, 1934, 2008, 1672
00:01:25.876, 00:01:38.930

60552
profile_test_data/1X7945_Takeout_openApp_thru_navigation/e:mmmmm-INTERSECTED-5/08-02-2020--18:17:29
1762, 3094, 1920, 1908, 1758
00:00:28.735, 00:00:41.677
1800, 2910, 1889, 2591, 2008
00:00:47.670, 00:01:01.368
1839, 3139, 1951, 1941, 1657
00:01:07.656, 00:01:20.683
1791, 3080, 1960, 1959, 1790
00:01:26.854, 00:01:39.934

62000
profile_test_data/1X7945_Takeout_openApp_thru_navigation/e:mmmmm/08-02-2020--18:19:49
1739, 2927, 1872, 1924, 1849
00:00:28.510, 00:00:41.321
1711, 3029, 1915, 1907, 1728
00:00:47.307, 00:01:00.097
1769, 2947, 1926, 1924, 1722
00:01:06.135, 00:01:18.923
1807, 2971, 1940, 1989, 1659
00:01:25.075, 00:01:37.941

59528
profile_test_data/1X7945_Takeout_openApp_thru_navigation/s:/08-02-2020--18:22:09


59528
profile_test_data/1X7945_Takeout_openApp_thru_navigation/a:/08-02-2020--18:25:03
1816, 3151, 1916, 1925, 2171
00:00:29.698, 00:00:43.177
1808, 3058, 2010, 1925, 1644
00:00:49.417, 00:01:02.362
1829, 3182, 2038, 1906, 1756
00:01:08.510, 00:01:21.721
1815, 3209, 2017, 1960, 2047
00:01:27.636, 00:01:41.184

45076
profile_test_data/1X7945_Takeout_openApp_thru_navigation/e:/08-02-2020--18:27:20
2442, 3491, 2711, 2182, 1701
00:00:30.121, 00:00:45.148
2720, 3889, 2239, 1992, 1761
00:00:51.612, 00:01:06.713
2469, 3574, 2212, 2602, 2184
00:01:12.863, 00:01:28.404
2452, 3706, 2221, 2602, 2107
00:01:34.862, 00:01:50.450

59552
profile_test_data/1X7945_Takeout_openApp_thru_navigation/e:m-INTERSECTED-5/08-02-2020--18:29:38
1797, 2981, 1936, 1893, 1762
00:00:29.387, 00:00:42.256
1765, 2976, 2020, 1884, 1739
00:00:48.391, 00:01:01.275
1885, 3141, 1980, 2585, 1738
00:01:07.381, 00:01:21.210
1837, 3194, 2043, 2589, 1738
00:01:27.350, 00:01:41.251

60712
profile_test_data/1X7945_Takeout_openApp_thru_navigation/e:m/08-02-2020--18:32:03
1761, 3000, 1898, 1925, 1768
00:00:28.719, 00:00:41.571
1735, 3043, 1936, 1820, 1741
00:00:47.744, 00:01:00.519
1899, 3179, 1945, 1995, 1574
00:01:06.688, 00:01:19.780
1804, 3015, 2019, 1951, 1597
00:01:25.903, 00:01:38.789

60552
profile_test_data/1X7945_Takeout_openApp_thru_navigation/e:mmmmm-INTERSECTED-5/08-02-2020--18:34:28
1741, 3173, 1910, 1958, 1809
00:00:29.374, 00:00:42.465
1788, 3120, 1942, 1938, 1616
00:00:48.455, 00:01:01.359
1784, 3132, 2096, 2557, 1660
00:01:07.539, 00:01:21.268
1787, 3051, 2145, 2535, 1663
00:01:27.383, 00:01:41.064

62000
profile_test_data/1X7945_Takeout_openApp_thru_navigation/e:mmmmm/08-02-2020--18:36:40
1722, 3049, 2004, 1875, 1820
00:00:29.010, 00:00:41.980
1774, 3267, 1988, 2077, 2099
00:00:48.041, 00:01:01.746
1782, 2989, 2240, 2424, 1619
00:01:07.881, 00:01:21.435
1762, 3048, 1930, 1938, 1651
00:01:27.989, 00:01:40.818

59528
profile_test_data/1X7945_Takeout_openApp_thru_navigation/s:/08-02-2020--18:38:58
1755, 3040, 2012, 1957, 1734
00:00:29.068, 00:00:42.066
1749, 3457, 2082, 1957, 1592
00:00:48.683, 00:01:02.020
1921, 3310, 2142, 2499, 2163
00:01:08.096, 00:01:22.631
1826, 3627, 2034, 1953, 1914
00:01:28.852, 00:01:42.706

59528
profile_test_data/1X7945_Takeout_openApp_thru_navigation/a:/08-02-2020--18:41:11
1783, 3255, 2012, 1958, 2164
00:00:29.363, 00:00:43.035
1770, 3308, 1960, 1924, 1706
00:00:49.191, 00:01:02.359
1781, 3150, 2184, 1924, 2114
00:01:08.383, 00:01:22.036
1805, 3583, 1947, 1967, 1985
00:01:28.250, 00:01:42.037

45076
profile_test_data/1X7945_Takeout_openApp_thru_navigation/e:/08-02-2020--18:43:20
2370, 3735, 2116, 1940, 2065
00:00:30.255, 00:00:44.981
2556, 3610, 2325, 2518, 1898
00:00:51.237, 00:01:06.644
2411, 3731, 2222, 2605, 1883
00:01:13.258, 00:01:28.610
2547, 3595, 2184, 2072, 2090
00:01:35.065, 00:01:50.053

59552
profile_test_data/1X7945_Takeout_openApp_thru_navigation/e:m-INTERSECTED-5/08-02-2020--18:45:41
1794, 3075, 1904, 2091, 2123
00:00:28.881, 00:00:42.368
1817, 3068, 1876, 1965, 1639
00:00:48.891, 00:01:01.756
1863, 3174, 2460, 1982, 1643
00:01:07.904, 00:01:21.526
1861, 3239, 2011, 2581, 1886
00:01:27.607, 00:01:41.685

60712
profile_test_data/1X7945_Takeout_openApp_thru_navigation/e:m/08-02-2020--18:48:01
1747, 2932, 1967, 1972, 1837
00:00:28.678, 00:00:41.633
1685, 2971, 1960, 2010, 1831
00:00:47.834, 00:01:00.791
1792, 3072, 1944, 1974, 1704
00:01:06.905, 00:01:19.891
1794, 3225, 2591, 1927, 1687
00:01:25.961, 00:01:39.685

60552
profile_test_data/1X7945_Takeout_openApp_thru_navigation/e:mmmmm-INTERSECTED-5/08-02-2020--18:50:20
1793, 2932, 2000, 1937, 1616
00:00:29.028, 00:00:41.806
1742, 3043, 1954, 1936, 1636
00:00:47.941, 00:01:00.752
1873, 3093, 1993, 1957, 1609
00:01:07.026, 00:01:20.051
1940, 3151, 2141, 2017, 1670
00:01:26.378, 00:01:39.797

62000
profile_test_data/1X7945_Takeout_openApp_thru_navigation/e:mmmmm/08-02-2020--18:52:32
1702, 2842, 1974, 1913, 1663
00:00:29.014, 00:00:41.608
1689, 3384, 1918, 1772, 1616
00:00:47.937, 00:01:00.816
1674, 3044, 1905, 1944, 1767
00:01:07.014, 00:01:19.848
1737, 3077, 1935, 1808, 1693
00:01:26.107, 00:01:38.857

59528
profile_test_data/1X7945_Takeout_openApp_thru_navigation/s:/08-02-2020--18:54:41
1789, 3082, 1947, 1958, 1806
00:00:29.062, 00:00:42.144
1830, 3240, 2070, 2085, 1759
00:00:48.196, 00:01:01.680
1922, 3238, 2005, 2641, 1605
00:01:08.114, 00:01:22.025
1894, 3189, 2065, 1907, 1849
00:01:27.994, 00:01:41.398

59528
profile_test_data/1X7945_Takeout_openApp_thru_navigation/a:/08-02-2020--18:56:52
1824, 3137, 1892, 1953, 1605
00:00:29.253, 00:00:42.164
1843, 3194, 2107, 2590, 1685
00:00:48.217, 00:01:02.136
1847, 3261, 1982, 1941, 2179
00:01:08.159, 00:01:21.869
1896, 3527, 1971, 2633, 1659
00:01:27.981, 00:01:42.167

45076
profile_test_data/1X7945_Takeout_openApp_thru_navigation/e:/08-02-2020--18:59:07
2379, 3876, 2143, 1994, 1953
00:00:30.385, 00:00:45.230
2618, 3757, 2186, 1944, 1868
00:00:51.471, 00:01:06.344
2526, 3791, 2352, 2588, 1908
00:01:12.476, 00:01:28.141
2527, 3790, 2197, 2096, 1873
00:01:34.376, 00:01:49.359

59552
profile_test_data/1X7945_Takeout_openApp_thru_navigation/e:m-INTERSECTED-5/08-02-2020--19:01:25
1903, 3188, 2004, 1907, 2114
00:00:29.267, 00:00:42.883
1987, 3366, 2017, 2069, 1873
00:00:48.972, 00:01:02.784
1874, 3346, 2198, 2037, 1868
00:01:08.944, 00:01:22.767
1896, 3322, 2042, 1935, 1769
00:01:29.017, 00:01:42.481

60712
profile_test_data/1X7945_Takeout_openApp_thru_navigation/e:m/08-02-2020--19:03:36
1767, 2981, 1922, 1958, 1992
00:00:28.786, 00:00:41.906
1825, 3069, 2044, 2600, 1838
00:00:48.491, 00:01:02.367
1750, 3272, 2175, 2054, 1658
00:01:08.580, 00:01:21.989
1806, 3193, 2024, 2020, 1629
00:01:28.417, 00:01:41.589

60552
profile_test_data/1X7945_Takeout_openApp_thru_navigation/e:mmmmm-INTERSECTED-5/08-02-2020--19:05:54
1825, 2904, 1912, 1910, 1866
00:00:29.058, 00:00:41.975
1740, 3072, 1896, 1907, 1673
00:00:48.169, 00:01:00.957
1795, 3057, 1989, 1932, 1642
00:01:07.047, 00:01:19.962
1884, 3255, 1969, 1892, 1659
00:01:26.203, 00:01:39.362

62000
profile_test_data/1X7945_Takeout_openApp_thru_navigation/e:mmmmm/08-02-2020--19:08:02
1746, 3313, 1938, 1907, 2302
00:00:28.593, 00:00:42.299
1753, 3234, 1969, 1917, 1615
00:00:48.436, 00:01:01.424
1772, 3217, 1929, 2606, 1627
00:01:07.636, 00:01:21.287
1760, 3203, 2094, 1942, 1510
00:01:27.602, 00:01:40.611

59528
profile_test_data/1X7945_Takeout_openApp_thru_navigation/s:/08-02-2020--19:10:14
1827, 3160, 2224, 2523, 1670
00:00:28.990, 00:00:42.894
1845, 3553, 2290, 1923, 1703
00:00:49.098, 00:01:02.912
1838, 3145, 2381, 2438, 1664
00:01:09.063, 00:01:23.029
1917, 3245, 2059, 1957, 2149
00:01:29.679, 00:01:43.506

59528
profile_test_data/1X7945_Takeout_openApp_thru_navigation/a:/08-02-2020--19:12:37
1772, 3190, 2094, 1875, 1719
00:00:29.357, 00:00:42.507
1824, 3145, 2104, 2032, 1994
00:00:48.528, 00:01:02.127
1848, 3163, 2016, 1975, 1628
00:01:08.281, 00:01:21.411
1778, 3138, 2102, 1906, 2092
00:01:27.579, 00:01:41.095

45076
profile_test_data/1X7945_Takeout_openApp_thru_navigation/e:/08-02-2020--19:14:55
2403, 3869, 2146, 2595, 2028
00:00:30.317, 00:00:45.858
2407, 3460, 2236, 2603, 1742
00:00:52.079, 00:01:07.027
2476, 3792, 2269, 2094, 1714
00:01:13.825, 00:01:28.670
2557, 3662, 2188, 2598, 1857
00:01:34.827, 00:01:50.189

59552
profile_test_data/1X7945_Takeout_openApp_thru_navigation/e:m-INTERSECTED-5/08-02-2020--19:17:26
1826, 3050, 1932, 1903, 1771
00:00:29.164, 00:00:42.146
1887, 3093, 2004, 2097, 1672
00:00:48.232, 00:01:01.485
1872, 3256, 2222, 1923, 2021
00:01:07.937, 00:01:21.731
1935, 3386, 1992, 2570, 1683
00:01:27.890, 00:01:41.956

60712
profile_test_data/1X7945_Takeout_openApp_thru_navigation/e:m/08-02-2020--19:19:46
1818, 3067, 1968, 1942, 1728
00:00:29.365, 00:00:42.388
1765, 3138, 2057, 1990, 2053
00:00:48.567, 00:01:02.070
1822, 3163, 2283, 1953, 2058
00:01:08.295, 00:01:22.074
1751, 3067, 2023, 1840, 1706
00:01:28.374, 00:01:41.261

60552
profile_test_data/1X7945_Takeout_openApp_thru_navigation/e:mmmmm-INTERSECTED-5/08-02-2020--19:21:58
1780, 2868, 1914, 1892, 2170
00:00:29.026, 00:00:42.150
1830, 3211, 1978, 2612, 1708
00:00:48.024, 00:01:01.863
1813, 3186, 1946, 2663, 1744
00:01:07.944, 00:01:21.796
1835, 3148, 1965, 1963, 1854
00:01:28.156, 00:01:41.421

62000
profile_test_data/1X7945_Takeout_openApp_thru_navigation/e:mmmmm/08-02-2020--19:24:10
1776, 3151, 1925, 2619, 1801
00:00:28.874, 00:00:42.646
1771, 3023, 1984, 1940, 1715
00:00:48.651, 00:01:01.584
1775, 3175, 2202, 1937, 2210
00:01:07.666, 00:01:21.465
1767, 3041, 1961, 1940, 1654
00:01:27.658, 00:01:40.521

59528
profile_test_data/1X7945_Takeout_openApp_thru_navigation/s:/08-02-2020--19:26:20
1826, 3158, 2019, 1941, 1712
00:00:29.483, 00:00:42.639
1893, 3230, 1999, 2595, 1709
00:00:48.817, 00:01:02.743
1819, 3300, 2011, 2093, 2102
00:01:09.423, 00:01:23.248
1849, 3141, 1988, 2008, 1669
00:01:29.386, 00:01:42.541

59528
profile_test_data/1X7945_Takeout_openApp_thru_navigation/a:/08-02-2020--19:28:38
1794, 3078, 1957, 1889, 1731
00:00:28.981, 00:00:41.930
1854, 3031, 2187, 1876, 1777
00:00:48.216, 00:01:01.441
1902, 3273, 1990, 1923, 2074
00:01:07.522, 00:01:21.184
1851, 3209, 2019, 2094, 1723
00:01:27.349, 00:01:40.745

45076
profile_test_data/1X7945_Takeout_openApp_thru_navigation/e:/08-02-2020--19:30:55
2501, 3860, 2292, 2662, 1979
00:00:30.142, 00:00:45.936
2702, 3981, 2235, 1957, 1911
00:00:52.162, 00:01:07.448
2495, 3735, 2385, 2484, 1653
00:01:14.050, 00:01:29.302
2441, 3758, 2175, 2642, 1846
00:01:35.536, 00:01:50.898

59552
profile_test_data/1X7945_Takeout_openApp_thru_navigation/e:m-INTERSECTED-5/08-02-2020--19:33:13
1789, 3014, 1936, 2008, 2110
00:00:29.068, 00:00:42.425
1817, 3156, 2123, 2535, 1668
00:00:48.629, 00:01:02.428
1901, 3033, 2037, 1908, 1681
00:01:08.607, 00:01:21.667
1864, 3126, 2093, 2566, 1737
00:01:28.576, 00:01:42.462

60712
profile_test_data/1X7945_Takeout_openApp_thru_navigation/e:m/08-02-2020--19:35:27
1776, 3127, 1939, 1910, 1789
00:00:28.710, 00:00:41.751
1720, 3003, 2148, 1975, 1599
00:00:48.066, 00:01:01.011
1823, 3330, 2197, 1891, 1761
00:01:07.214, 00:01:20.716
1770, 3175, 2017, 2008, 1637
00:01:27.185, 00:01:40.292

60552
profile_test_data/1X7945_Takeout_openApp_thru_navigation/e:mmmmm-INTERSECTED-5/08-02-2020--19:37:39
1817, 3104, 1943, 1907, 2036
00:00:29.127, 00:00:42.434
1792, 3271, 1898, 1976, 1850
00:00:48.697, 00:01:01.984
1824, 3244, 1953, 1991, 1718
00:01:08.440, 00:01:21.670
1853, 3073, 1988, 1939, 1648
00:01:27.663, 00:01:40.664

62000
profile_test_data/1X7945_Takeout_openApp_thru_navigation/e:mmmmm/08-02-2020--19:39:57
1758, 2983, 1896, 1850, 1881
00:00:28.912, 00:00:41.780
1680, 3162, 2072, 1875, 1670
00:00:47.962, 00:01:00.921
1710, 3044, 1857, 1872, 1767
00:01:06.927, 00:01:19.677
1697, 3195, 1920, 1906, 1787
00:01:25.758, 00:01:38.763

59528
profile_test_data/1X7945_Takeout_openApp_thru_navigation/s:/08-02-2020--19:42:04
1878, 3302, 2051, 1831, 2142
00:00:29.107, 00:00:42.811
1766, 3372, 2027, 2589, 1796
00:00:48.854, 00:01:02.904
1754, 3085, 1947, 1903, 1689
00:01:09.039, 00:01:21.917
1738, 3176, 1959, 2083, 1657
00:01:27.883, 00:01:40.996

59528
profile_test_data/1X7945_Takeout_openApp_thru_navigation/a:/08-02-2020--19:44:19
1828, 3293, 2076, 1914, 2045
00:00:28.562, 00:00:42.218
1790, 3133, 1964, 2621, 1848
00:00:48.377, 00:01:02.233
1758, 3199, 1935, 1907, 1712
00:01:08.474, 00:01:21.485
1837, 3105, 2017, 2009, 1746
00:01:27.695, 00:01:40.909

45076
profile_test_data/1X7945_Takeout_openApp_thru_navigation/e:/08-02-2020--19:46:28
2387, 3550, 2119, 1997, 1989
00:00:29.935, 00:00:44.477
2535, 3772, 2195, 1993, 1913
00:00:50.651, 00:01:05.559
2430, 3735, 2453, 1923, 2027
00:01:12.373, 00:01:27.441
2575, 3772, 2266, 1991, 1851
00:01:33.672, 00:01:48.627

59552
profile_test_data/1X7945_Takeout_openApp_thru_navigation/e:m-INTERSECTED-5/08-02-2020--19:48:46
1840, 3091, 1955, 1909, 2082
00:00:29.088, 00:00:42.465
1864, 3159, 2069, 1883, 1658
00:00:48.499, 00:01:01.632
1849, 3135, 1994, 1976, 1749
00:01:07.562, 00:01:20.765
1848, 3121, 1980, 1940, 1767
00:01:27.093, 00:01:40.249

60712
profile_test_data/1X7945_Takeout_openApp_thru_navigation/e:m/08-02-2020--19:51:06
1755, 2864, 1903, 1974, 1961
00:00:29.032, 00:00:41.989
1738, 3011, 2003, 1894, 1774
00:00:48.234, 00:01:01.154
1813, 2937, 2126, 1988, 2085
00:01:07.298, 00:01:20.747
1761, 3037, 1974, 1891, 1780
00:01:27.002, 00:01:39.945

60552
profile_test_data/1X7945_Takeout_openApp_thru_navigation/e:mmmmm-INTERSECTED-5/08-02-2020--19:53:20
1798, 2952, 1930, 1959, 2148
00:00:28.977, 00:00:42.264
1813, 2909, 1922, 2085, 1597
00:00:48.413, 00:01:01.239
1755, 2937, 2248, 2418, 1644
00:01:07.517, 00:01:21.019
1821, 3655, 1939, 1932, 1873
00:01:27.448, 00:01:41.168

62000
profile_test_data/1X7945_Takeout_openApp_thru_navigation/e:mmmmm/08-02-2020--19:55:33
1736, 2886, 1962, 1886, 1582
00:00:29.037, 00:00:41.589
1788, 3254, 2394, 2551, 1635
00:00:47.524, 00:01:01.646
1648, 3184, 2045, 2086, 1539
00:01:07.681, 00:01:20.683
1750, 3071, 2058, 1907, 1598
00:01:26.748, 00:01:39.632

59528
profile_test_data/1X7945_Takeout_openApp_thru_navigation/s:/08-02-2020--19:57:46
1860, 3241, 1985, 1992, 2214
00:00:28.909, 00:00:42.701
1723, 3054, 2031, 1991, 1675
00:00:48.867, 00:01:01.841
1738, 3178, 2080, 1977, 1732
00:01:07.908, 00:01:21.113
1764, 3178, 2101, 1907, 1701
00:01:27.258, 00:01:40.409

59528
profile_test_data/1X7945_Takeout_openApp_thru_navigation/a:/08-02-2020--19:59:56
1716, 3287, 2098, 1960, 1854
00:00:29.144, 00:00:42.559
1705, 3310, 1973, 1971, 1592
00:00:49.121, 00:01:02.172
1754, 3340, 2188, 1925, 2104
00:01:08.079, 00:01:21.890
1771, 3551, 2065, 1941, 2018
00:01:28.034, 00:01:41.880

