
45072
profile_test_data/1X39XX45_Googleplex_openApp_thru_navigation/e:/08-13-2020--21:24:41
1510, 1963, 1763, 1917, 1504, 4468, 3700
00:00:49.382, 00:01:08.707
977, 2887, 2653, 1529, 1225, 3928, 3604
00:01:21.496, 00:01:40.799
1011, 1780, 20974, 1595, 1205, 31165, 2972
00:01:53.694, 00:02:56.896

170904
profile_test_data/1X39XX45_Googleplex_openApp_thru_navigation/a/08-13-2020--21:28:28
973, 2406, 1689, 1474, 1676, 4470, 2843
00:00:45.974, 00:01:04.005
1042, 2673, 1915, 1570, 1321, 4613, 3403
00:01:15.982, 00:01:35.019
1065, 3286, 1725, 1912, 1304, 5111, 3238
00:01:47.882, 00:02:08.023

