-----------------------------------------------------------------CPU STATUSES: 1 1 1 1 1 1 1 1----------COMPILATION FLAGS: e u f p c a----------07-09-2020--22:19:45-----------------------------------------------------------------

--------------------------------COMPILATION SETTING: e----------07-09-2020--22:24:40-------------------------------
SIZE DATA:

Size of profile: 0
Size of app: 45080

~~~~~~~~~~~~~~~~~~~~~~~~~~~~~~~~~~~~~~~~~~~~~~~~~~~~~~~~
ACTION DURATIONS:

ITERATION 1: [4225, 939, 2489, 1614, 1530, 1199, 4245, 2341, 2105], TOTAL: 20687
ITERATION 2: [4190, 1059, 2505, 1722, 1488, 1195, 4410, 2391, 2012], TOTAL: 20972
ITERATION 3: [4373, 1011, 2549, 1622, 1550, 1125, 4309, 2551, 2136], TOTAL: 21226
ITERATION 4: [4197, 1040, 2629, 1899, 1453, 1203, 4747, 2383, 2475], TOTAL: 22026
ITERATION 5: [4200, 1039, 2654, 1728, 1535, 1231, 4530, 2604, 2185], TOTAL: 21706
ITERATION 6: [4426, 1010, 2658, 1680, 1483, 1684, 4621, 2635, 1868], TOTAL: 22065
ITERATION 7: [4275, 977, 2384, 1707, 1535, 1137, 4470, 2746, 2197], TOTAL: 21428
ITERATION 8: [4153, 1532, 1968, 1621, 1451, 1221, 5070, 2364, 1914], TOTAL: 21294
ITERATION 9: [4331, 973, 2464, 1669, 1464, 1135, 4872, 3117, 2221], TOTAL: 22246

AVERAGE:     [4263, 1064, 2477, 1695, 1498, 1236, 4586, 2570, 2123], TOTAL: 21512
MEDIAN:      [4225, 1011, 2505, 1680, 1488, 1199, 4530, 2551, 2136], TOTAL: 21428

~~~~~~~~~~~~~~~~~~~~~~~~~~~~~~~~~~~~~~~~~~~~~~~~~~~~~~~~
TIME STAMPS:

ITERATION 1: [4225, 5164, 7653, 9267, 10797, 11996, 16241, 18582, 20687]
ITERATION 2: [4190, 5249, 7754, 9476, 10964, 12159, 16569, 18960, 20972]
ITERATION 3: [4373, 5384, 7933, 9555, 11105, 12230, 16539, 19090, 21226]
ITERATION 4: [4197, 5237, 7866, 9765, 11218, 12421, 17168, 19551, 22026]
ITERATION 5: [4200, 5239, 7893, 9621, 11156, 12387, 16917, 19521, 21706]
ITERATION 6: [4426, 5436, 8094, 9774, 11257, 12941, 17562, 20197, 22065]
ITERATION 7: [4275, 5252, 7636, 9343, 10878, 12015, 16485, 19231, 21428]
ITERATION 8: [4153, 5685, 7653, 9274, 10725, 11946, 17016, 19380, 21294]
ITERATION 9: [4331, 5304, 7768, 9437, 10901, 12036, 16908, 20025, 22246]

AVERAGE:     [4263, 5327, 7805, 9501, 11000, 12236, 16822, 19393, 21516]

~~~~~~~~~~~~~~~~~~~~~~~~~~~~~~~~~~~~~~~~~~~~~~~~~~~~~~~~
MEDIAN RUN: 7
--------------------------------COMPILATION SETTING: e----------07-09-2020--22:24:40-------------------------------

--------------------------------COMPILATION SETTING: u----------07-09-2020--22:29:35-------------------------------
SIZE DATA:

Size of profile: 38680
Size of app: 53208

~~~~~~~~~~~~~~~~~~~~~~~~~~~~~~~~~~~~~~~~~~~~~~~~~~~~~~~~
ACTION DURATIONS:

ITERATION 1: [4181, 992, 2441, 1603, 1455, 1138, 4561, 2632, 2523], TOTAL: 21526
ITERATION 2: [4072, 1497, 2025, 1570, 1515, 1228, 4890, 2410, 1926], TOTAL: 21133
ITERATION 3: [4214, 993, 2354, 1720, 1517, 1168, 3623, 2548, 2286], TOTAL: 20423
ITERATION 4: [4217, 1006, 2507, 1892, 1558, 1157, 4156, 2476, 1839], TOTAL: 20808
ITERATION 5: [3999, 1434, 1956, 1669, 1547, 1260, 4061, 3128, 2183], TOTAL: 21237
ITERATION 6: [4063, 1570, 1906, 1687, 1460, 1298, 4421, 2377, 2218], TOTAL: 21000
ITERATION 7: [4189, 1041, 2440, 1750, 1455, 1168, 4527, 2474, 2240], TOTAL: 21284
ITERATION 8: [4131, 1500, 2005, 1583, 1607, 1192, 4996, 2052, 2436], TOTAL: 21502
ITERATION 9: [4098, 1426, 2150, 1714, 1537, 1179, 4883, 2280, 2284], TOTAL: 21551

AVERAGE:     [4129, 1273, 2198, 1687, 1516, 1198, 4457, 2486, 2215], TOTAL: 21159
MEDIAN:      [4131, 1426, 2150, 1687, 1517, 1179, 4527, 2474, 2240], TOTAL: 21237

~~~~~~~~~~~~~~~~~~~~~~~~~~~~~~~~~~~~~~~~~~~~~~~~~~~~~~~~
TIME STAMPS:

ITERATION 1: [4181, 5173, 7614, 9217, 10672, 11810, 16371, 19003, 21526]
ITERATION 2: [4072, 5569, 7594, 9164, 10679, 11907, 16797, 19207, 21133]
ITERATION 3: [4214, 5207, 7561, 9281, 10798, 11966, 15589, 18137, 20423]
ITERATION 4: [4217, 5223, 7730, 9622, 11180, 12337, 16493, 18969, 20808]
ITERATION 5: [3999, 5433, 7389, 9058, 10605, 11865, 15926, 19054, 21237]
ITERATION 6: [4063, 5633, 7539, 9226, 10686, 11984, 16405, 18782, 21000]
ITERATION 7: [4189, 5230, 7670, 9420, 10875, 12043, 16570, 19044, 21284]
ITERATION 8: [4131, 5631, 7636, 9219, 10826, 12018, 17014, 19066, 21502]
ITERATION 9: [4098, 5524, 7674, 9388, 10925, 12104, 16987, 19267, 21551]

AVERAGE:     [4129, 5402, 7600, 9288, 10805, 12003, 16461, 18947, 21162]

~~~~~~~~~~~~~~~~~~~~~~~~~~~~~~~~~~~~~~~~~~~~~~~~~~~~~~~~
MEDIAN RUN: 5
--------------------------------COMPILATION SETTING: u----------07-09-2020--22:29:35-------------------------------

--------------------------------COMPILATION SETTING: f----------07-09-2020--22:34:41-------------------------------
SIZE DATA:

Size of profile: 44550
Size of app: 58552

~~~~~~~~~~~~~~~~~~~~~~~~~~~~~~~~~~~~~~~~~~~~~~~~~~~~~~~~
ACTION DURATIONS:

ITERATION 1: [3721, 1292, 1816, 1673, 1472, 1168, 4336, 2719, 2015], TOTAL: 20212
ITERATION 2: [3749, 1282, 1853, 1566, 1551, 1257, 4046, 2587, 2030], TOTAL: 19921
ITERATION 3: [3748, 1387, 2077, 1665, 1523, 1253, 4753, 2725, 2102], TOTAL: 21233

AVERAGE:     [3739, 1320, 1915, 1634, 1515, 1226, 4378, 2677, 2049], TOTAL: 20453
MEDIAN:      [3748, 1292, 1853, 1665, 1523, 1253, 4336, 2719, 2030], TOTAL: 20212

~~~~~~~~~~~~~~~~~~~~~~~~~~~~~~~~~~~~~~~~~~~~~~~~~~~~~~~~
TIME STAMPS:

ITERATION 1: [3721, 5013, 6829, 8502, 9974, 11142, 15478, 18197, 20212]
ITERATION 2: [3749, 5031, 6884, 8450, 10001, 11258, 15304, 17891, 19921]
ITERATION 3: [3748, 5135, 7212, 8877, 10400, 11653, 16406, 19131, 21233]

AVERAGE:     [3739, 5059, 6975, 8609, 10125, 11351, 15729, 18406, 20455]

~~~~~~~~~~~~~~~~~~~~~~~~~~~~~~~~~~~~~~~~~~~~~~~~~~~~~~~~
MEDIAN RUN: 1
--------------------------------COMPILATION SETTING: f----------07-09-2020--22:34:41-------------------------------

--------------------------------COMPILATION SETTING: p----------07-09-2020--22:38:04-------------------------------
SIZE DATA:

Size of profile: 0
Size of app: 45076

~~~~~~~~~~~~~~~~~~~~~~~~~~~~~~~~~~~~~~~~~~~~~~~~~~~~~~~~
ACTION DURATIONS:

ITERATION 1: [4114, 1010, 2416, 1719, 1528, 1190, 4348, 2649, 1659], TOTAL: 20633
ITERATION 2: [4302, 1418, 1956, 1632, 1432, 1233, 4140, 2397, 2176], TOTAL: 20686
ITERATION 3: [4269, 944, 2763, 1735, 1462, 1204, 4905, 2848, 2280], TOTAL: 22410

AVERAGE:     [4228, 1124, 2378, 1695, 1474, 1209, 4464, 2631, 2038], TOTAL: 21241
MEDIAN:      [4269, 1010, 2416, 1719, 1462, 1204, 4348, 2649, 2176], TOTAL: 20686

~~~~~~~~~~~~~~~~~~~~~~~~~~~~~~~~~~~~~~~~~~~~~~~~~~~~~~~~
TIME STAMPS:

ITERATION 1: [4114, 5124, 7540, 9259, 10787, 11977, 16325, 18974, 20633]
ITERATION 2: [4302, 5720, 7676, 9308, 10740, 11973, 16113, 18510, 20686]
ITERATION 3: [4269, 5213, 7976, 9711, 11173, 12377, 17282, 20130, 22410]

AVERAGE:     [4228, 5352, 7730, 9426, 10900, 12109, 16573, 19204, 21243]

~~~~~~~~~~~~~~~~~~~~~~~~~~~~~~~~~~~~~~~~~~~~~~~~~~~~~~~~
MEDIAN RUN: 2
--------------------------------COMPILATION SETTING: p----------07-09-2020--22:38:04-------------------------------

--------------------------------COMPILATION SETTING: c----------07-09-2020--22:41:18-------------------------------
SIZE DATA:

Size of profile: 59488
Size of app: 60844

~~~~~~~~~~~~~~~~~~~~~~~~~~~~~~~~~~~~~~~~~~~~~~~~~~~~~~~~
ACTION DURATIONS:

ITERATION 1: [3691, 941, 2024, 1648, 1490, 1148, 4847, 2092, 1894], TOTAL: 19775
ITERATION 2: [3824, 1008, 2045, 1586, 1530, 1194, 4596, 2160, 1997], TOTAL: 19940
ITERATION 3: [3978, 1043, 2244, 1549, 1531, 1126, 4711, 2201, 2315], TOTAL: 20698

AVERAGE:     [3831, 997, 2104, 1594, 1517, 1156, 4718, 2151, 2068], TOTAL: 20136
MEDIAN:      [3824, 1008, 2045, 1586, 1530, 1148, 4711, 2160, 1997], TOTAL: 19940

~~~~~~~~~~~~~~~~~~~~~~~~~~~~~~~~~~~~~~~~~~~~~~~~~~~~~~~~
TIME STAMPS:

ITERATION 1: [3691, 4632, 6656, 8304, 9794, 10942, 15789, 17881, 19775]
ITERATION 2: [3824, 4832, 6877, 8463, 9993, 11187, 15783, 17943, 19940]
ITERATION 3: [3978, 5021, 7265, 8814, 10345, 11471, 16182, 18383, 20698]

AVERAGE:     [3831, 4828, 6932, 8527, 10044, 11200, 15918, 18069, 20137]

~~~~~~~~~~~~~~~~~~~~~~~~~~~~~~~~~~~~~~~~~~~~~~~~~~~~~~~~
MEDIAN RUN: 2
--------------------------------COMPILATION SETTING: c----------07-09-2020--22:41:18-------------------------------
