
45072
profile_test_data/1X39XX45_Googleplex_openApp_thru_navigation/e:/07-31-2020--05:49:52
4404, 1481, 2388, 2314, 1461, 1245, 3573, 2409
00:00:40.183, 00:01:01.958
4497, 1076, 2633, 1527, 1839, 1136, 4237, 2304
00:01:09.241, 00:01:30.990
4355, 1110, 2506, 2726, 1559, 1196, 3930, 1893
00:01:38.407, 00:02:00.182
4330, 1606, 2215, 2115, 1558, 1321, 4227, 2072
00:02:07.076, 00:02:29.020

60276
profile_test_data/1X39XX45_Googleplex_openApp_thru_navigation/e:m-INTERSECTED-1/07-31-2020--05:52:50
3854, 1333, 1779, 2063, 1464, 1243, 4270, 1657
00:00:42.322, 00:01:02.485
3765, 1024, 2079, 1893, 1427, 1146, 4430, 1692
00:01:09.690, 00:01:29.646
3817, 1397, 1864, 1721, 1690, 1245, 3612, 1514
00:01:36.189, 00:01:55.549
4832, 1026, 2156, 1897, 1458, 1124, 4417, 2116
00:02:02.877, 00:02:24.403

59460
profile_test_data/1X39XX45_Googleplex_openApp_thru_navigation/e:m-INTERSECTED-3/07-31-2020--05:55:49
3728, 1360, 1918, 1782, 1473, 1245, 3873, 1717
00:00:42.216, 00:01:01.812
4242, 1006, 2392, 1925, 1450, 1342, 4263, 2098
00:01:08.349, 00:01:29.567
3862, 1042, 2391, 1667, 1493, 1138, 4303, 1646
00:01:36.650, 00:01:56.692
3951, 1467, 2042, 1792, 1474, 1174, 4293, 2117
00:02:03.744, 00:02:24.554

59200
profile_test_data/1X39XX45_Googleplex_openApp_thru_navigation/e:m-INTERSECTED-5/07-31-2020--05:58:41
4683, 995, 2292, 1822, 1463, 1150, 4918, 2371
00:00:41.619, 00:01:03.813
4065, 1364, 1995, 1802, 1498, 1276, 2837, 2417
00:01:11.053, 00:01:30.807
5033, 1006, 2219, 1855, 1485, 1156, 5113, 1721
00:01:38.663, 00:02:00.751
3843, 1025, 2385, 2135, 1477, 1166, 4136, 2063
00:02:08.098, 00:02:28.828

59528
profile_test_data/1X39XX45_Googleplex_openApp_thru_navigation/s:/07-31-2020--06:01:37
3707, 1371, 2352, 1995, 1488, 1215, 4104, 2033
00:00:42.109, 00:01:02.874
3955, 940, 2316, 1797, 1499, 1131, 4404, 2066
00:01:09.303, 00:01:29.911
4016, 1026, 2379, 1679, 1781, 1139, 4233, 1947
00:01:37.195, 00:01:57.895
3948, 1024, 2323, 1980, 1499, 1158, 5009, 2306
00:02:05.100, 00:02:26.847

61644
profile_test_data/1X39XX45_Googleplex_openApp_thru_navigation/s:m-INTERSECTED-1/07-31-2020--06:04:31
3693, 1025, 2232, 1917, 1451, 1138, 2942, 2173
00:00:41.756, 00:01:00.827
3806, 1026, 2416, 2004, 1477, 1173, 4701, 1486
00:01:07.394, 00:01:27.983
4944, 1413, 1948, 1868, 1478, 1277, 4016, 2069
00:01:35.333, 00:01:56.846
3828, 993, 2316, 1937, 1493, 1202, 4488, 1630
00:02:03.553, 00:02:23.940

61200
profile_test_data/1X39XX45_Googleplex_openApp_thru_navigation/s:m-INTERSECTED-3/07-31-2020--06:07:27
3753, 1334, 1778, 1759, 1460, 1219, 4474, 2039
00:00:41.873, 00:01:02.189
3971, 1367, 1820, 1842, 1481, 1269, 4301, 2310
00:01:08.360, 00:01:29.221
4002, 1410, 2016, 1842, 1508, 1275, 4582, 2160
00:01:36.911, 00:01:58.206
3915, 1459, 1887, 1849, 1497, 1194, 4247, 1952
00:02:05.721, 00:02:26.221

61088
profile_test_data/1X39XX45_Googleplex_openApp_thru_navigation/s:m-INTERSECTED-5/07-31-2020--06:10:20
3686, 1268, 1738, 1794, 1636, 1240, 4784, 1717
00:00:40.861, 00:01:01.224
3978, 925, 2207, 2244, 1449, 1119, 4131, 2034
00:01:08.396, 00:01:28.983
3681, 1305, 1837, 2577, 1456, 1282, 3669, 2168
00:01:36.481, 00:01:56.956
3945, 956, 2243, 1839, 1500, 1154, 4776, 1861
00:02:03.306, 00:02:24.080

170904
profile_test_data/1X39XX45_Googleplex_openApp_thru_navigation/a/07-31-2020--06:13:26
3804, 1260, 1794, 1980, 1456, 1036, 4257, 1738
00:00:41.618, 00:01:01.443
3788, 1264, 1680, 1790, 1455, 1263, 4400, 1751
00:01:08.619, 00:01:28.510
3902, 923, 2096, 1853, 1424, 1144, 3967, 1811
00:01:35.720, 00:01:55.340
4084, 971, 2300, 2052, 1487, 1186, 3994, 1953
00:02:02.901, 00:02:23.428

45076
profile_test_data/1X39XX45_Googleplex_openApp_thru_navigation/e:/07-31-2020--06:16:37
4060, 1430, 1964, 1708, 1821, 1291, 4873, 2238
00:00:41.926, 00:01:03.811
4299, 1505, 2138, 1906, 1532, 1337, 3858, 2424
00:01:11.126, 00:01:32.625
4382, 1584, 1924, 2007, 1510, 1297, 4334, 2028
00:01:39.136, 00:02:00.702
4296, 1568, 2027, 1723, 1830, 1194, 4182, 2521
00:02:07.784, 00:02:29.625

60276
profile_test_data/1X39XX45_Googleplex_openApp_thru_navigation/e:m-INTERSECTED-1/07-31-2020--06:19:32
3823, 1328, 1799, 1850, 1510, 1233, 4453, 2146
00:00:41.094, 00:01:01.736
3946, 1388, 1880, 1926, 1462, 1235, 2986, 2110
00:01:09.317, 00:01:28.750
3756, 1025, 2319, 1942, 1523, 1183, 4444, 1775
00:01:36.271, 00:01:56.738
3879, 1420, 2041, 1870, 1476, 1231, 4264, 1813
00:02:03.246, 00:02:23.740

59460
profile_test_data/1X39XX45_Googleplex_openApp_thru_navigation/e:m-INTERSECTED-3/07-31-2020--06:22:24
3795, 1041, 2234, 1813, 1482, 1166, 4190, 1523
00:00:40.950, 00:01:00.694
3940, 1407, 2142, 1824, 1511, 1221, 4311, 2020
00:01:07.727, 00:01:28.603
3922, 990, 2401, 1825, 1526, 1170, 3929, 2077
00:01:35.250, 00:01:55.590
3971, 1045, 2386, 1844, 1517, 1153, 4742, 2144
00:02:02.264, 00:02:23.566

59200
profile_test_data/1X39XX45_Googleplex_openApp_thru_navigation/e:m-INTERSECTED-5/07-31-2020--06:25:14
3777, 1041, 2255, 1845, 1497, 1158, 4574, 1745
00:00:40.691, 00:01:01.083
3923, 940, 2494, 1905, 1511, 1117, 4476, 1832
00:01:08.251, 00:01:28.949
3985, 1472, 2021, 2274, 1460, 1232, 3705, 1719
00:01:35.722, 00:01:56.090
4034, 1343, 1923, 1792, 1497, 1268, 4210, 2123
00:02:03.291, 00:02:23.981

59528
profile_test_data/1X39XX45_Googleplex_openApp_thru_navigation/s:/07-31-2020--06:28:04
3809, 993, 2320, 1880, 1480, 1144, 4356, 1833
00:00:41.907, 00:01:02.222
4838, 1010, 2212, 1931, 1486, 1159, 4287, 2247
00:01:08.562, 00:01:30.232
4002, 1056, 2393, 1956, 1503, 1166, 4007, 2020
00:01:36.622, 00:01:57.225
3809, 1026, 2449, 2001, 1499, 1162, 4516, 1873
00:02:03.624, 00:02:24.459

61644
profile_test_data/1X39XX45_Googleplex_openApp_thru_navigation/s:m-INTERSECTED-1/07-31-2020--06:31:05
3644, 1381, 2184, 1796, 1432, 1232, 3435, 2206
00:00:41.446, 00:01:01.256
3822, 1305, 1773, 2568, 1462, 1316, 3654, 2024
00:01:08.847, 00:01:29.271
3774, 1342, 1846, 1667, 1441, 1176, 4168, 1945
00:01:36.474, 00:01:56.333
3759, 1388, 1867, 2558, 1492, 1242, 3043, 1761
00:02:02.856, 00:02:22.466

61200
profile_test_data/1X39XX45_Googleplex_openApp_thru_navigation/s:m-INTERSECTED-3/07-31-2020--06:34:11
3741, 1109, 2389, 2181, 1464, 1168, 3807, 1958
00:00:41.814, 00:01:02.131
3794, 1125, 2125, 1906, 1273, 1296, 4311, 1680
00:01:08.364, 00:01:28.374
3836, 1326, 1852, 1655, 1523, 1230, 3820, 1684
00:01:34.752, 00:01:54.178
3952, 958, 2346, 1961, 1490, 1153, 4188, 1871
00:02:00.603, 00:02:21.022

61088
profile_test_data/1X39XX45_Googleplex_openApp_thru_navigation/s:m-INTERSECTED-5/07-31-2020--06:37:09
3915, 1010, 2116, 1890, 1655, 1140, 4339, 1921
00:00:42.488, 00:01:02.974
3812, 1384, 2033, 2229, 1502, 1167, 4789, 2231
00:01:09.241, 00:01:30.888
3859, 1025, 2409, 2489, 1485, 1177, 4471, 2360
00:01:38.126, 00:01:59.901
4027, 1028, 2248, 1575, 1494, 1193, 4466, 1896
00:02:06.549, 00:02:26.976

170904
profile_test_data/1X39XX45_Googleplex_openApp_thru_navigation/a/07-31-2020--06:40:03
3929, 1316, 1958, 1871, 1486, 1197, 3586, 1594
00:00:41.273, 00:01:00.710
3955, 1319, 1890, 1838, 1486, 1147, 4552, 1844
00:01:07.068, 00:01:27.599
3987, 1328, 1927, 2227, 1488, 1221, 4029, 2023
00:01:34.864, 00:01:55.594
3894, 1505, 1986, 1986, 1491, 1240, 4071, 2064
00:02:01.857, 00:02:22.594

45072
profile_test_data/1X39XX45_Googleplex_openApp_thru_navigation/e:/07-31-2020--06:42:57
5152, 1522, 1981, 1943, 1546, 1259, 4312, 2536
00:00:41.997, 00:01:04.748
4448, 1009, 2580, 1664, 1865, 1144, 4399, 1931
00:01:11.308, 00:01:32.848
4385, 1634, 2037, 1913, 1509, 1216, 4252, 2096
00:01:39.321, 00:02:00.863
4249, 1515, 2064, 2607, 1513, 1195, 7873, 2075
00:02:07.293, 00:02:32.884

60276
profile_test_data/1X39XX45_Googleplex_openApp_thru_navigation/e:m-INTERSECTED-1/07-31-2020--06:45:55
4103, 1276, 1949, 1801, 1501, 1182, 3978, 1626
00:00:42.212, 00:01:02.128
3785, 1390, 2090, 1758, 1505, 1194, 4167, 2091
00:01:09.558, 00:01:30.038
3755, 1025, 2387, 1552, 1493, 1157, 4427, 1576
00:01:36.282, 00:01:56.154
4881, 1006, 2209, 1944, 1460, 1147, 4124, 1629
00:02:03.246, 00:02:24.146

59460
profile_test_data/1X39XX45_Googleplex_openApp_thru_navigation/e:m-INTERSECTED-3/07-31-2020--06:48:55
3744, 1128, 2218, 1903, 1500, 1095, 4409, 2256
00:00:41.071, 00:01:01.824
4115, 1459, 2179, 1826, 1494, 1193, 3139, 1872
00:01:09.030, 00:01:28.807
4018, 1094, 2355, 2558, 1489, 1195, 4335, 2089
00:01:35.212, 00:01:56.845
3846, 1044, 2363, 1985, 1467, 1185, 4266, 1944
00:02:03.186, 00:02:23.786

59200
profile_test_data/1X39XX45_Googleplex_openApp_thru_navigation/e:m-INTERSECTED-5/07-31-2020--06:51:48
3736, 1060, 2341, 1916, 1475, 1146, 4356, 1817
00:00:41.005, 00:01:01.352
3890, 1111, 2339, 1980, 1512, 1185, 4632, 1765
00:01:08.541, 00:01:29.455
4156, 1323, 2038, 1904, 1487, 1185, 4086, 1859
00:01:36.702, 00:01:57.240
4012, 1039, 2418, 1645, 1720, 1173, 4098, 2015
00:02:03.706, 00:02:24.326

59528
profile_test_data/1X39XX45_Googleplex_openApp_thru_navigation/s:/07-31-2020--06:55:03
4782, 1323, 1932, 1903, 1437, 1274, 4532, 2177
00:00:41.555, 00:01:03.415
3898, 1026, 2306, 2201, 1462, 1144, 3877, 2350
00:01:09.688, 00:01:30.452
3927, 1111, 2454, 1965, 1510, 1171, 3710, 2422
00:01:37.692, 00:01:58.462
3937, 1425, 2029, 1513, 1755, 1276, 5010, 2328
00:02:05.661, 00:02:27.434

61644
profile_test_data/1X39XX45_Googleplex_openApp_thru_navigation/s:m-INTERSECTED-1/07-31-2020--06:58:10


61200
profile_test_data/1X39XX45_Googleplex_openApp_thru_navigation/s:m-INTERSECTED-3/07-31-2020--07:00:37
3715, 1399, 1912, 1893, 1452, 1269, 4283, 1888
00:00:41.849, 00:01:02.160
3756, 1347, 1895, 1862, 1466, 1238, 3716, 1906
00:01:08.533, 00:01:28.219
3775, 1354, 1792, 1889, 1655, 1258, 4193, 1935
00:01:34.782, 00:01:55.133
4174, 1411, 1945, 1884, 1498, 1260, 4427, 1766
00:02:01.338, 00:02:22.203

61088
profile_test_data/1X39XX45_Googleplex_openApp_thru_navigation/s:m-INTERSECTED-5/07-31-2020--07:03:26
3816, 973, 2185, 1822, 1450, 1149, 5053, 1653
00:00:41.597, 00:01:02.198
3840, 1008, 2251, 2037, 1445, 1140, 4402, 2177
00:01:09.135, 00:01:29.935
3766, 1010, 2208, 2568, 1472, 1145, 4386, 1480
00:01:36.521, 00:01:57.056
3775, 1277, 2059, 1756, 1548, 1289, 4689, 1729
00:02:04.443, 00:02:25.065

170904
profile_test_data/1X39XX45_Googleplex_openApp_thru_navigation/a/07-31-2020--07:06:32
3774, 1309, 1827, 1995, 1558, 1160, 3881, 2149
00:00:41.334, 00:01:01.487
3786, 1288, 1736, 2595, 1405, 1157, 4251, 1835
00:01:08.947, 00:01:29.500
3927, 992, 2083, 1743, 1639, 1147, 4388, 1472
00:01:36.702, 00:01:56.593
3865, 1313, 1804, 1843, 1481, 1177, 3813, 1713
00:02:03.963, 00:02:23.472

45072
profile_test_data/1X39XX45_Googleplex_openApp_thru_navigation/e:/07-31-2020--07:09:43
4340, 1938, 2171, 2008, 1463, 1234, 4388, 1852
00:00:42.633, 00:01:04.527
4264, 1507, 2125, 1982, 1544, 1220, 4349, 2372
00:01:11.543, 00:01:33.406
4597, 1571, 2132, 1716, 1848, 1279, 3999, 2174
00:01:40.682, 00:02:02.498
4398, 1632, 2051, 1636, 1797, 1216, 4057, 2278
00:02:10.025, 00:02:31.590

60276
profile_test_data/1X39XX45_Googleplex_openApp_thru_navigation/e:m-INTERSECTED-1/07-31-2020--07:12:54
3752, 1030, 2304, 1874, 1464, 1162, 4242, 2020
00:00:42.398, 00:01:02.746
3602, 1377, 1936, 1813, 1473, 1453, 4341, 2116
00:01:09.112, 00:01:29.723
3960, 1404, 2026, 1854, 1521, 1212, 4516, 1635
00:01:37.202, 00:01:57.830
3859, 991, 2436, 1916, 1532, 1151, 4715, 1608
00:02:05.229, 00:02:25.937

59460
profile_test_data/1X39XX45_Googleplex_openApp_thru_navigation/e:m-INTERSECTED-3/07-31-2020--07:16:00
3879, 975, 2338, 1792, 1468, 1140, 4510, 1909
00:00:40.619, 00:01:01.130
3878, 1042, 2158, 1892, 1497, 1162, 4073, 2143
00:01:07.753, 00:01:28.098
3958, 1212, 2279, 1880, 1490, 1168, 4877, 2370
00:01:34.318, 00:01:56.052
5047, 973, 2389, 1875, 1487, 1132, 4375, 1874
00:02:02.540, 00:02:24.192

59200
profile_test_data/1X39XX45_Googleplex_openApp_thru_navigation/e:m-INTERSECTED-5/07-31-2020--07:18:53
3778, 1378, 1890, 1849, 1480, 1239, 4682, 1727
00:00:41.292, 00:01:01.815
3777, 1044, 2330, 1832, 1534, 1202, 4026, 2015
00:01:08.381, 00:01:28.641
3832, 1059, 2457, 2349, 1511, 1191, 4472, 1887
00:01:35.331, 00:01:56.589
3889, 1476, 1915, 2569, 1506, 1225, 4278, 2130
00:02:03.148, 00:02:24.636

59528
profile_test_data/1X39XX45_Googleplex_openApp_thru_navigation/s:/07-31-2020--07:21:47
3793, 1026, 2176, 1976, 1480, 1139, 4615, 2448
00:00:44.075, 00:01:05.228
4057, 1420, 1991, 1920, 1492, 1190, 4505, 1800
00:01:12.502, 00:01:33.377
3937, 1060, 2526, 1883, 1434, 1282, 4277, 2468
00:01:40.854, 00:02:02.221
3880, 1416, 1872, 1785, 1490, 1271, 4574, 1970
00:02:08.687, 00:02:29.445

61644
profile_test_data/1X39XX45_Googleplex_openApp_thru_navigation/s:m-INTERSECTED-1/07-31-2020--07:24:45
3737, 1504, 1822, 1595, 1484, 1453, 10623, 1689
00:00:43.083, 00:01:09.490
3932, 1160, 2296, 1792, 1483, 1130, 4363, 2086
00:01:16.696, 00:01:37.438
4198, 1009, 2292, 1734, 1707, 1156, 4297, 2172
00:01:44.328, 00:02:05.393
3949, 1028, 2207, 2583, 1497, 1155, 2780, 1843
00:02:12.897, 00:02:32.439

61200
profile_test_data/1X39XX45_Googleplex_openApp_thru_navigation/s:m-INTERSECTED-3/07-31-2020--07:27:48
3846, 991, 2224, 1642, 1465, 1142, 4111, 1934
00:00:40.863, 00:01:00.718
3692, 970, 2092, 1900, 1456, 1152, 4590, 2176
00:01:07.098, 00:01:27.626
3981, 1026, 2196, 1923, 1478, 1165, 4368, 2138
00:01:34.895, 00:01:55.670
3988, 1076, 2296, 1840, 1472, 1151, 4731, 1649
00:02:03.093, 00:02:23.796

61088
profile_test_data/1X39XX45_Googleplex_openApp_thru_navigation/s:m-INTERSECTED-5/07-31-2020--07:31:06
3703, 1010, 2278, 1821, 1465, 1160, 4426, 1706
00:00:42.357, 00:01:02.426
3791, 1062, 2304, 1833, 1441, 1138, 4137, 2092
00:01:09.054, 00:01:29.352
3861, 1597, 2088, 1904, 1476, 1247, 4006, 2123
00:01:36.591, 00:01:57.393
3836, 1005, 2516, 1867, 1479, 1201, 4591, 2299
00:02:04.076, 00:02:25.370

170904
profile_test_data/1X39XX45_Googleplex_openApp_thru_navigation/a/07-31-2020--07:33:58
3803, 1560, 1926, 1857, 1446, 1262, 4269, 1632
00:00:42.263, 00:01:02.518
4842, 1335, 1626, 1864, 1447, 1248, 4827, 1958
00:01:08.925, 00:01:30.572
3795, 1040, 2257, 1867, 1470, 1130, 4559, 1984
00:01:36.916, 00:01:57.518
3756, 1046, 2211, 1886, 1500, 1128, 4609, 2000
00:02:03.913, 00:02:24.549

45072
profile_test_data/1X39XX45_Googleplex_openApp_thru_navigation/e:/07-31-2020--07:37:06
4114, 1506, 2132, 1937, 1515, 1275, 4009, 2231
00:00:42.626, 00:01:03.845
4582, 1010, 2635, 1690, 1860, 1180, 4523, 2577
00:01:11.162, 00:01:33.719
4339, 1060, 2815, 2223, 1548, 1207, 4547, 2229
00:01:40.293, 00:02:02.761
4533, 1622, 2155, 1624, 1827, 1283, 4501, 2407
00:02:09.396, 00:02:31.848

60276
profile_test_data/1X39XX45_Googleplex_openApp_thru_navigation/e:m-INTERSECTED-1/07-31-2020--07:40:08
3649, 1399, 1806, 1784, 1469, 1182, 4258, 1740
00:00:42.341, 00:01:02.128
3679, 1010, 2249, 1856, 1490, 1171, 4710, 1887
00:01:08.509, 00:01:29.061
3874, 1337, 1888, 1819, 1514, 1285, 4613, 2208
00:01:36.024, 00:01:57.062
3978, 1026, 2252, 1872, 1456, 1144, 4802, 2348
00:02:04.700, 00:02:26.078

59460
profile_test_data/1X39XX45_Googleplex_openApp_thru_navigation/e:m-INTERSECTED-3/07-31-2020--07:43:01
3929, 1077, 2330, 1669, 1513, 1142, 4248, 1571
00:00:40.928, 00:01:00.907
3993, 1383, 1926, 1823, 1496, 1270, 4237, 1901
00:01:08.267, 00:01:28.796
3860, 1391, 1878, 1672, 1499, 1270, 4699, 1971
00:01:35.958, 00:01:56.698
3974, 951, 2236, 1748, 1687, 1170, 4376, 1967
00:02:03.102, 00:02:23.711

59200
profile_test_data/1X39XX45_Googleplex_openApp_thru_navigation/e:m-INTERSECTED-5/07-31-2020--07:46:02
3757, 1388, 1856, 2607, 1474, 1435, 3108, 1739
00:00:42.211, 00:01:02.075
3955, 1390, 2053, 1696, 1508, 1273, 4465, 1721
00:01:08.527, 00:01:29.088
4005, 1371, 1973, 2545, 1479, 1164, 4493, 2087
00:01:36.295, 00:01:57.912
3915, 1011, 2272, 2608, 1467, 1218, 4456, 1976
00:02:04.581, 00:02:26.004

59528
profile_test_data/1X39XX45_Googleplex_openApp_thru_navigation/s:/07-31-2020--07:48:52
4689, 1058, 2458, 1920, 1492, 1193, 4713, 2157
00:00:41.444, 00:01:03.624
3911, 1448, 2065, 1880, 1498, 1205, 4555, 1650
00:01:11.011, 00:01:31.723
3895, 1480, 2023, 1958, 1488, 1312, 4706, 2467
00:01:38.780, 00:02:00.609
3977, 1010, 2362, 1943, 2011, 1134, 4008, 1683
00:02:07.085, 00:02:27.713

61644
profile_test_data/1X39XX45_Googleplex_openApp_thru_navigation/s:m-INTERSECTED-1/07-31-2020--07:51:53
3725, 1244, 2223, 1942, 1458, 1121, 4129, 1956
00:00:42.464, 00:01:02.762
4245, 1042, 2266, 2101, 1490, 1179, 4522, 1774
00:01:09.658, 00:01:30.777
3936, 1037, 2336, 2262, 1497, 1130, 4797, 2192
00:01:38.081, 00:01:59.768
3787, 1480, 1992, 2176, 1497, 1294, 4402, 1495
00:02:07.248, 00:02:27.871

61200
profile_test_data/1X39XX45_Googleplex_openApp_thru_navigation/s:m-INTERSECTED-3/07-31-2020--07:55:03
4063, 1058, 2381, 1923, 1450, 1169, 4532, 2113
00:00:41.204, 00:01:02.393
3912, 1427, 1925, 2615, 1460, 1259, 4272, 2158
00:01:08.862, 00:01:30.390
3840, 1109, 2380, 2158, 1495, 1162, 3907, 2117
00:01:36.766, 00:01:57.434
3921, 1025, 2433, 1887, 1494, 1163, 2845, 2064
00:02:04.095, 00:02:23.427

61088
profile_test_data/1X39XX45_Googleplex_openApp_thru_navigation/s:m-INTERSECTED-5/07-31-2020--07:58:01
3719, 1080, 2323, 2034, 1470, 1158, 5028, 1924
00:00:41.839, 00:01:03.075
3946, 1093, 2210, 1922, 1476, 1124, 4311, 2106
00:01:09.293, 00:01:29.981
4144, 1025, 2450, 2019, 1493, 1144, 4104, 1862
00:01:37.373, 00:01:58.114
4015, 1380, 1945, 2533, 1535, 1296, 4201, 1926
00:02:04.719, 00:02:26.050

170904
profile_test_data/1X39XX45_Googleplex_openApp_thru_navigation/a/07-31-2020--08:00:55
3695, 1077, 2452, 2128, 1450, 1128, 4701, 2139
00:00:41.219, 00:01:02.489
3794, 1445, 2017, 1893, 1464, 1147, 4959, 2620
00:01:08.667, 00:01:30.506
3942, 1086, 2255, 2130, 1477, 1193, 4092, 2016
00:01:36.839, 00:01:57.530
3812, 1023, 2231, 1895, 1475, 1156, 4874, 2212
00:02:04.340, 00:02:25.518

45072
profile_test_data/1X39XX45_Googleplex_openApp_thru_navigation/e:/07-31-2020--08:04:05
4351, 1534, 1952, 1448, 1806, 1166, 4535, 2221
00:00:42.846, 00:01:04.359
4455, 1617, 1920, 2788, 1545, 1530, 4831, 2331
00:01:11.728, 00:01:35.245
4439, 1619, 2085, 1741, 1532, 1294, 4569, 1913
00:01:41.727, 00:02:03.419
4406, 1583, 2099, 2619, 1486, 1216, 3977, 2110
00:02:10.398, 00:02:32.394

60276
profile_test_data/1X39XX45_Googleplex_openApp_thru_navigation/e:m-INTERSECTED-1/07-31-2020--08:07:15
3780, 1414, 1828, 2583, 1485, 1232, 4040, 1861
00:00:41.735, 00:01:02.458
3927, 1585, 1899, 1698, 1438, 1177, 4115, 2038
00:01:09.056, 00:01:29.433
4724, 1043, 2523, 2385, 1476, 1150, 4719, 2203
00:01:35.696, 00:01:58.419
4017, 994, 2399, 1848, 1496, 1194, 4696, 2347
00:02:05.908, 00:02:27.399

59460
profile_test_data/1X39XX45_Googleplex_openApp_thru_navigation/e:m-INTERSECTED-3/07-31-2020--08:10:10
3869, 1434, 2023, 2489, 1493, 1311, 4317, 2380
00:00:42.804, 00:01:04.620
4006, 1027, 2506, 1469, 1732, 1127, 4545, 1580
00:01:11.295, 00:01:31.787
4006, 1424, 2105, 1693, 1508, 1280, 4323, 1990
00:01:38.811, 00:01:59.640
3931, 1428, 2016, 2198, 1482, 1285, 4903, 1866
00:02:06.011, 00:02:27.620

59200
profile_test_data/1X39XX45_Googleplex_openApp_thru_navigation/e:m-INTERSECTED-5/07-31-2020--08:13:05
4016, 1007, 2317, 2599, 1503, 1199, 4881, 2142
00:00:42.359, 00:01:04.523
4057, 996, 2232, 1627, 1492, 1106, 4519, 2257
00:01:10.746, 00:01:31.532
4113, 991, 2280, 1620, 1514, 1136, 4581, 2009
00:01:38.784, 00:01:59.528
4017, 1345, 1887, 2634, 1509, 1266, 4170, 2328
00:02:05.906, 00:02:27.562

59528
profile_test_data/1X39XX45_Googleplex_openApp_thru_navigation/s:/07-31-2020--08:16:01
3852, 1026, 2574, 1705, 1520, 1153, 4282, 2150
00:00:42.232, 00:01:02.994
3996, 1468, 2111, 2476, 1522, 1244, 3909, 2333
00:01:09.351, 00:01:30.910
4072, 1011, 2363, 1676, 1779, 1169, 4287, 1831
00:01:38.429, 00:01:59.117
3829, 1398, 2109, 2266, 1501, 1264, 4417, 2100
00:02:05.627, 00:02:27.011

61644
profile_test_data/1X39XX45_Googleplex_openApp_thru_navigation/s:m-INTERSECTED-1/07-31-2020--08:18:57
3767, 1025, 2190, 2590, 1504, 1169, 4595, 1698
00:00:42.493, 00:01:03.531
3939, 993, 2347, 1788, 1514, 1148, 4719, 1879
00:01:10.783, 00:01:31.610
3806, 1379, 1846, 1789, 1465, 1192, 4713, 1698
00:01:39.077, 00:01:59.465
3887, 1027, 2210, 1804, 1469, 1143, 4158, 2256
00:02:06.031, 00:02:26.485

61200
profile_test_data/1X39XX45_Googleplex_openApp_thru_navigation/s:m-INTERSECTED-3/07-31-2020--08:21:57
3867, 1435, 1911, 1726, 1702, 1214, 4058, 1622
00:00:42.616, 00:01:02.651
3794, 1044, 2396, 1948, 1452, 1163, 4622, 1620
00:01:09.122, 00:01:29.661
4009, 1330, 2063, 1913, 1470, 1199, 4386, 1641
00:01:36.130, 00:01:56.641
3937, 1445, 1916, 1828, 1483, 1282, 4406, 2086
00:02:03.662, 00:02:24.545

61088
profile_test_data/1X39XX45_Googleplex_openApp_thru_navigation/s:m-INTERSECTED-5/07-31-2020--08:24:50
3842, 1024, 1970, 2434, 1514, 1153, 3916, 1962
00:00:42.373, 00:01:02.688
4022, 1431, 1977, 1946, 1493, 1272, 4491, 1557
00:01:09.106, 00:01:29.795
3966, 1009, 2470, 1933, 1494, 1187, 4742, 1740
00:01:36.826, 00:01:57.867
3813, 1483, 2013, 1903, 1494, 1255, 4495, 1719
00:02:04.980, 00:02:25.655

170904
profile_test_data/1X39XX45_Googleplex_openApp_thru_navigation/a/07-31-2020--08:27:44
3995, 1269, 1840, 2237, 1499, 1273, 3883, 2243
00:00:41.856, 00:01:02.595
5003, 976, 2295, 1929, 1470, 1139, 4872, 2324
00:01:10.103, 00:01:32.611
3865, 1383, 1846, 2022, 1487, 1142, 4278, 1846
00:01:40.185, 00:02:00.554
3808, 1348, 1933, 1984, 1526, 1257, 4307, 1905
00:02:07.061, 00:02:27.629

45072
profile_test_data/1X39XX45_Googleplex_openApp_thru_navigation/e:/07-31-2020--08:30:55
4554, 1600, 2135, 2124, 1516, 1328, 4599, 1987
00:00:42.466, 00:01:04.809
5665, 1159, 2694, 2510, 1533, 1181, 4351, 2233
00:01:13.023, 00:01:36.849
4380, 1586, 2050, 2686, 1512, 1277, 3985, 2529
00:01:44.148, 00:02:06.653
4509, 1532, 2396, 2030, 1525, 1392, 4520, 2165
00:02:13.278, 00:02:35.847

60276
profile_test_data/1X39XX45_Googleplex_openApp_thru_navigation/e:m-INTERSECTED-1/07-31-2020--08:33:59
3843, 1028, 2288, 1878, 1496, 1150, 4554, 1556
00:00:43.351, 00:01:03.644
3845, 1009, 2354, 1965, 1497, 1206, 4331, 1819
00:01:10.986, 00:01:31.512
3951, 1044, 2284, 1614, 1498, 1149, 4263, 1857
00:01:39.354, 00:01:59.514
3776, 1027, 2256, 2605, 1507, 1164, 4029, 1738
00:02:05.961, 00:02:26.563

59460
profile_test_data/1X39XX45_Googleplex_openApp_thru_navigation/e:m-INTERSECTED-3/07-31-2020--08:36:59
3930, 1539, 1893, 1591, 1483, 1257, 4471, 1617
00:00:42.251, 00:01:02.532
4102, 958, 2282, 2610, 1494, 1152, 4615, 2140
00:01:09.572, 00:01:31.425
4282, 1458, 2064, 1669, 1497, 1276, 4407, 1545
00:01:38.842, 00:01:59.540
3865, 1124, 2541, 1403, 1691, 1137, 3080, 2086
00:02:06.031, 00:02:25.458

59200
profile_test_data/1X39XX45_Googleplex_openApp_thru_navigation/e:m-INTERSECTED-5/07-31-2020--08:39:54
3807, 1043, 2262, 1430, 1721, 1152, 4606, 1763
00:00:42.505, 00:01:02.789
3980, 1112, 2365, 1976, 1514, 1137, 4249, 1598
00:01:09.464, 00:01:29.895
4025, 1479, 1998, 2183, 1500, 1312, 4523, 2322
00:01:36.901, 00:01:58.743
4089, 1326, 1994, 1963, 1522, 1256, 4301, 2385
00:02:06.415, 00:02:27.751

59528
profile_test_data/1X39XX45_Googleplex_openApp_thru_navigation/s:/07-31-2020--08:42:49
3884, 1471, 2099, 2198, 1499, 1298, 4400, 1933
00:00:41.830, 00:01:03.112
4961, 1007, 2284, 1949, 1497, 1166, 4263, 1826
00:01:09.752, 00:01:31.205
3988, 1543, 1516, 2192, 1791, 1237, 4657, 2098
00:01:37.588, 00:01:59.110
3984, 1420, 2030, 2117, 1502, 1290, 4159, 1889
00:02:06.444, 00:02:27.335

61644
profile_test_data/1X39XX45_Googleplex_openApp_thru_navigation/s:m-INTERSECTED-1/07-31-2020--08:45:49
3807, 1051, 2885, 2171, 1521, 1208, 4197, 1588
00:00:41.003, 00:01:01.931
3792, 1074, 2349, 1938, 1529, 1171, 3681, 1820
00:01:08.959, 00:01:28.813
3752, 1043, 2391, 1959, 1484, 1150, 4843, 1694
00:01:36.101, 00:01:56.917
4046, 1110, 2339, 1990, 1494, 1122, 3728, 1551
00:02:04.058, 00:02:23.938

61200
profile_test_data/1X39XX45_Googleplex_openApp_thru_navigation/s:m-INTERSECTED-3/07-31-2020--08:48:59
3983, 1423, 1890, 2635, 1480, 1205, 3828, 1808
00:00:41.678, 00:01:02.430
3893, 1333, 1835, 1867, 1687, 1247, 4150, 2068
00:01:08.803, 00:01:29.383
5091, 1402, 1908, 1776, 1740, 1195, 3967, 2171
00:01:36.645, 00:01:58.395
4946, 992, 2181, 1866, 1501, 1175, 5060, 2278
00:02:05.900, 00:02:28.399

61088
profile_test_data/1X39XX45_Googleplex_openApp_thru_navigation/s:m-INTERSECTED-5/07-31-2020--08:52:00
3798, 1058, 2455, 1961, 1515, 1159, 3907, 1577
00:00:41.664, 00:01:01.594
3808, 1024, 2287, 1865, 1529, 1140, 4857, 1866
00:01:08.559, 00:01:29.435
3855, 1219, 2372, 1902, 1518, 1131, 4861, 1925
00:01:36.128, 00:01:57.411
4062, 1437, 2074, 1886, 1510, 1315, 4508, 2313
00:02:04.821, 00:02:26.426

170904
profile_test_data/1X39XX45_Googleplex_openApp_thru_navigation/a/07-31-2020--08:54:57
3847, 1416, 1792, 1767, 1434, 1217, 4667, 1711
00:00:43.112, 00:01:03.463
3768, 1075, 2231, 1460, 1671, 1128, 4395, 2234
00:01:09.965, 00:01:30.427
3913, 1026, 2137, 1607, 1452, 1149, 4913, 1956
00:01:36.815, 00:01:57.468
4878, 1380, 1909, 2392, 1504, 1200, 4235, 1740
00:02:03.825, 00:02:25.563

45072
profile_test_data/1X39XX45_Googleplex_openApp_thru_navigation/e:/07-31-2020--08:58:24
4327, 1593, 2177, 1723, 1518, 1280, 4643, 2648
00:00:42.657, 00:01:05.066
4535, 1575, 1956, 2740, 1539, 1293, 4849, 1925
00:01:12.303, 00:01:35.215
4467, 1093, 2592, 1725, 1512, 1181, 4173, 2650
00:01:42.178, 00:02:04.071
4484, 1611, 2086, 2649, 1532, 1222, 4373, 2174
00:02:11.375, 00:02:34.006

60276
profile_test_data/1X39XX45_Googleplex_openApp_thru_navigation/e:m-INTERSECTED-1/07-31-2020--09:01:26
3937, 1367, 2040, 2288, 1485, 1232, 4433, 1746
00:00:42.814, 00:01:03.842
3906, 1365, 2060, 1962, 1540, 1211, 4947, 1938
00:01:10.270, 00:01:31.699
3712, 1040, 2307, 2194, 1533, 1182, 4395, 1742
00:01:38.137, 00:01:58.742
3777, 1030, 2402, 1763, 1469, 1125, 4538, 1884
00:02:05.191, 00:02:25.679

59460
profile_test_data/1X39XX45_Googleplex_openApp_thru_navigation/e:m-INTERSECTED-3/07-31-2020--09:04:20
3848, 992, 2277, 2201, 1502, 1201, 4748, 2185
00:00:42.509, 00:01:03.963
3792, 1026, 2517, 1933, 1498, 1175, 4530, 1696
00:01:10.300, 00:01:30.967
3942, 995, 2519, 1836, 1501, 1173, 3916, 2308
00:01:38.126, 00:01:58.816
3948, 1024, 2568, 2128, 1505, 1161, 4306, 2291
00:02:05.401, 00:02:26.832

59200
profile_test_data/1X39XX45_Googleplex_openApp_thru_navigation/e:m-INTERSECTED-5/07-31-2020--09:07:16
3962, 1437, 2085, 1907, 1496, 1232, 4502, 2186
00:00:42.778, 00:01:04.085
3845, 1011, 2302, 1773, 1701, 1339, 4101, 1929
00:01:10.624, 00:01:31.125
3887, 1122, 2473, 2199, 1480, 1175, 4011, 1747
00:01:37.687, 00:01:58.281
3889, 1065, 2522, 1927, 1509, 1178, 4729, 1956
00:02:04.956, 00:02:26.231

59528
profile_test_data/1X39XX45_Googleplex_openApp_thru_navigation/s:/07-31-2020--09:10:10
4902, 1057, 2545, 2058, 1546, 1164, 5114, 1861
00:00:41.706, 00:01:04.453
4016, 1058, 2450, 2219, 1512, 1159, 4356, 2099
00:01:11.089, 00:01:32.458
3914, 1493, 2150, 2015, 1517, 1304, 4816, 1827
00:01:39.069, 00:02:00.605
3899, 1118, 2422, 2091, 1477, 1183, 4848, 1906
00:02:07.214, 00:02:28.658

61644
profile_test_data/1X39XX45_Googleplex_openApp_thru_navigation/s:m-INTERSECTED-1/07-31-2020--09:13:05
3778, 1027, 2258, 2606, 1517, 1189, 4527, 2000
00:00:42.338, 00:01:03.740
3874, 1195, 2288, 2054, 1474, 1373, 4199, 1785
00:01:10.054, 00:01:30.796
3827, 1471, 2055, 2154, 1494, 1293, 4676, 1893
00:01:37.333, 00:01:58.696
3778, 1128, 2388, 2145, 1501, 1159, 4633, 2229
00:02:05.217, 00:02:26.678

61200
profile_test_data/1X39XX45_Googleplex_openApp_thru_navigation/s:m-INTERSECTED-3/07-31-2020--09:16:03
3781, 1361, 2102, 2479, 1463, 1234, 4661, 1772
00:00:42.385, 00:01:03.738
3974, 993, 2432, 1614, 1487, 1164, 4788, 1576
00:01:10.294, 00:01:30.822
3829, 1053, 2231, 2615, 1511, 1190, 4735, 1874
00:01:38.191, 00:01:59.729
4059, 1043, 2427, 1466, 1701, 1119, 4547, 1973
00:02:06.983, 00:02:27.818

61088
profile_test_data/1X39XX45_Googleplex_openApp_thru_navigation/s:m-INTERSECTED-5/07-31-2020--09:19:03
3911, 1310, 2024, 2341, 1477, 1228, 4550, 1571
00:00:42.650, 00:01:03.562
3843, 1060, 2257, 1383, 1675, 1134, 4419, 1682
00:01:10.552, 00:01:30.505
3982, 1092, 2268, 2619, 1497, 1408, 4391, 1629
00:01:37.113, 00:01:58.499
4044, 1377, 1848, 2627, 1436, 1176, 4348, 2168
00:02:05.866, 00:02:27.390

170904
profile_test_data/1X39XX45_Googleplex_openApp_thru_navigation/a/07-31-2020--09:22:05
3963, 1027, 2227, 1846, 1438, 1130, 4555, 2055
00:00:42.219, 00:01:02.960
3677, 1039, 2150, 1857, 1830, 1184, 4560, 1686
00:01:09.586, 00:01:30.069
3861, 1040, 2191, 2033, 1488, 1129, 3761, 1609
00:01:36.482, 00:01:56.094
3880, 1442, 1916, 1971, 1462, 1241, 4439, 1714
00:02:03.435, 00:02:24.000

45072
profile_test_data/1X39XX45_Googleplex_openApp_thru_navigation/e:/07-31-2020--09:25:12
4234, 1576, 2200, 1790, 1507, 1218, 4534, 1943
00:00:44.711, 00:01:06.213
4421, 1585, 2069, 1682, 1843, 1432, 4644, 1715
00:01:13.208, 00:01:35.099
4522, 1653, 2180, 1956, 1559, 1387, 4905, 2660
00:01:42.646, 00:02:05.968
4474, 1576, 2076, 1998, 1506, 1294, 4582, 2453
00:02:12.526, 00:02:34.985

60276
profile_test_data/1X39XX45_Googleplex_openApp_thru_navigation/e:m-INTERSECTED-1/07-31-2020--09:28:16
3854, 1069, 2401, 2253, 1516, 1578, 4742, 1685
00:00:42.068, 00:01:03.666
4008, 1029, 2480, 1942, 1506, 1138, 4559, 2137
00:01:10.173, 00:01:31.472
4928, 1091, 2433, 1935, 1498, 1216, 4545, 1651
00:01:37.942, 00:01:59.739
3792, 1415, 2282, 1941, 1503, 1305, 4593, 1580
00:02:06.690, 00:02:27.601

59460
profile_test_data/1X39XX45_Googleplex_openApp_thru_navigation/e:m-INTERSECTED-3/07-31-2020--09:31:21
3694, 1421, 1956, 1888, 1473, 1270, 4766, 2222
00:00:42.756, 00:01:03.946
4006, 1468, 2125, 2049, 1483, 1246, 4780, 2379
00:01:11.939, 00:01:33.975
4001, 1485, 1842, 1857, 1721, 1200, 4281, 1653
00:01:40.537, 00:02:01.077
3900, 1057, 2354, 1931, 1480, 1151, 4916, 2279
00:02:08.394, 00:02:29.962

59200
profile_test_data/1X39XX45_Googleplex_openApp_thru_navigation/e:m-INTERSECTED-5/07-31-2020--09:34:29
4731, 1010, 2312, 2240, 1444, 1173, 4977, 2106
00:00:42.168, 00:01:04.661
4094, 1059, 2309, 2266, 1485, 1163, 4260, 1684
00:01:10.985, 00:01:31.805
4050, 992, 2424, 1989, 1513, 1158, 4598, 2254
00:01:38.290, 00:01:59.768
5008, 1044, 2480, 1927, 1523, 1175, 4501, 2364
00:02:07.157, 00:02:29.679

59528
profile_test_data/1X39XX45_Googleplex_openApp_thru_navigation/s:/07-31-2020--09:37:36
3681, 1006, 2688, 1392, 1838, 1147, 4766, 2350
00:00:59.536, 00:01:20.904
3859, 992, 2384, 1425, 1817, 1122, 4828, 2359
00:01:27.622, 00:01:48.908
4165, 1028, 2593, 2532, 1508, 1201, 4582, 2377
00:01:56.422, 00:02:18.908
3926, 1391, 2101, 2361, 1522, 1266, 3922, 2563
00:02:26.444, 00:02:47.996

61644
profile_test_data/1X39XX45_Googleplex_openApp_thru_navigation/s:m-INTERSECTED-1/07-31-2020--09:40:59
3826, 1061, 2287, 2609, 1488, 1200, 4569, 1881
00:00:43.638, 00:01:05.059
3761, 1056, 2411, 2457, 1496, 1158, 4449, 2461
00:01:12.276, 00:01:34.025
3884, 1385, 2009, 2369, 1506, 1219, 4598, 1935
00:01:41.696, 00:02:03.101
3809, 1008, 2387, 2346, 1549, 1165, 4624, 2131
00:02:09.474, 00:02:30.993

61200
profile_test_data/1X39XX45_Googleplex_openApp_thru_navigation/s:m-INTERSECTED-3/07-31-2020--09:44:06
3954, 1041, 2283, 1527, 1737, 1113, 4912, 1890
00:00:41.521, 00:01:02.478
3865, 974, 2418, 2813, 1472, 1177, 4714, 1767
00:01:09.675, 00:01:31.375
3832, 1159, 1657, 2240, 1498, 1145, 5009, 1608
00:01:37.789, 00:01:58.437
4901, 1045, 2418, 1472, 1725, 1157, 4769, 1928
00:02:05.411, 00:02:27.326

61088
profile_test_data/1X39XX45_Googleplex_openApp_thru_navigation/s:m-INTERSECTED-5/07-31-2020--09:47:07
3809, 1049, 2409, 1695, 1520, 1207, 4383, 2225
00:00:43.421, 00:01:04.218
3957, 1028, 2405, 2482, 1493, 1171, 4863, 1772
00:01:11.692, 00:01:33.363
3897, 1009, 2346, 2540, 1479, 1170, 3868, 1957
00:01:39.721, 00:02:00.487
3946, 1416, 1892, 1620, 1493, 1323, 4460, 1738
00:02:06.888, 00:02:27.276

170904
profile_test_data/1X39XX45_Googleplex_openApp_thru_navigation/a/07-31-2020--09:50:07
3678, 908, 2050, 1763, 1485, 1129, 4760, 1665
00:00:40.997, 00:01:00.935
3918, 1008, 2094, 1892, 1512, 1142, 3940, 2082
00:01:07.766, 00:01:27.854
3871, 993, 2177, 1743, 1494, 1187, 4653, 2146
00:01:34.049, 00:01:54.813
3800, 1334, 1790, 1694, 1456, 1291, 4365, 1693
00:02:01.141, 00:02:21.064

45072
profile_test_data/1X39XX45_Googleplex_openApp_thru_navigation/e:/07-31-2020--09:53:11
4573, 1595, 2264, 1901, 1486, 1316, 2944, 2624
00:00:42.351, 00:01:03.554
4385, 1584, 2024, 1986, 1538, 1291, 4729, 2397
00:01:10.243, 00:01:32.677
4356, 980, 2742, 1858, 1549, 1137, 4145, 2432
00:01:39.957, 00:02:01.656
4522, 1485, 2041, 1607, 1861, 1340, 4516, 1919
00:02:08.956, 00:02:30.747

60276
profile_test_data/1X39XX45_Googleplex_openApp_thru_navigation/e:m-INTERSECTED-1/07-31-2020--09:56:07
3786, 1041, 2575, 1915, 1493, 1186, 4633, 2168
00:00:42.128, 00:01:03.425
3745, 1394, 1888, 1753, 1478, 1301, 4246, 2367
00:01:09.768, 00:01:30.440
3825, 1418, 1890, 1776, 1483, 1241, 4723, 1845
00:01:36.854, 00:01:57.555
4790, 1031, 2320, 1849, 1473, 1169, 4692, 1812
00:02:03.923, 00:02:25.559

59460
profile_test_data/1X39XX45_Googleplex_openApp_thru_navigation/e:m-INTERSECTED-3/07-31-2020--09:59:06
3783, 1355, 2069, 1808, 1491, 1250, 4668, 2196
00:00:41.699, 00:01:02.819
4750, 949, 2231, 1825, 1545, 1192, 4847, 1837
00:01:09.280, 00:01:30.956
4002, 1025, 2483, 1833, 1500, 1202, 4734, 2235
00:01:37.310, 00:01:58.824
4070, 937, 2493, 1811, 1503, 1145, 4615, 2319
00:02:06.435, 00:02:27.828

59200
profile_test_data/1X39XX45_Googleplex_openApp_thru_navigation/e:m-INTERSECTED-5/07-31-2020--10:02:24
3938, 1059, 2356, 1815, 1442, 1141, 4465, 1904
00:00:43.760, 00:01:04.380
4014, 1442, 2066, 1783, 1429, 1212, 5042, 1962
00:01:10.751, 00:01:32.201
4048, 1041, 2327, 1728, 1487, 1129, 4962, 2488
00:01:39.374, 00:02:01.084
3961, 1488, 2067, 2103, 1500, 1266, 4653, 2065
00:02:07.523, 00:02:29.126

59528
profile_test_data/1X39XX45_Googleplex_openApp_thru_navigation/s:/07-31-2020--10:05:34
4049, 923, 2290, 1860, 1485, 1172, 4701, 1722
00:00:41.927, 00:01:02.629
3839, 975, 2413, 1889, 1495, 1175, 4875, 1864
00:01:09.628, 00:01:30.653
3959, 1043, 2366, 2329, 1503, 1157, 4635, 1920
00:01:38.028, 00:01:59.440
3950, 1025, 2409, 1896, 1513, 1187, 3653, 2150
00:02:06.152, 00:02:26.435

61644
profile_test_data/1X39XX45_Googleplex_openApp_thru_navigation/s:m-INTERSECTED-1/07-31-2020--10:08:41
4769, 1063, 2062, 1694, 1465, 1142, 4455, 1781
00:00:41.979, 00:01:02.910
3764, 1042, 2347, 1851, 1467, 1165, 4872, 1873
00:01:10.028, 00:01:30.909
4028, 990, 2331, 1812, 1560, 1150, 5247, 1993
00:01:38.114, 00:01:59.725
3745, 1095, 2635, 1886, 1559, 1244, 4150, 1970
00:02:05.876, 00:02:26.660

61200
profile_test_data/1X39XX45_Googleplex_openApp_thru_navigation/s:m-INTERSECTED-3/07-31-2020--10:11:52
3785, 944, 2194, 1867, 1484, 1140, 4645, 1878
00:00:41.776, 00:01:02.213
3953, 1499, 1881, 1779, 1538, 1262, 4418, 2378
00:01:08.852, 00:01:30.060
3827, 1410, 2014, 1700, 1968, 1287, 4510, 2327
00:01:36.545, 00:01:58.088
4109, 1388, 1930, 1726, 1529, 1212, 4767, 1885
00:02:05.301, 00:02:26.347

61088
profile_test_data/1X39XX45_Googleplex_openApp_thru_navigation/s:m-INTERSECTED-5/07-31-2020--10:14:51
3752, 1337, 1987, 1830, 1516, 1258, 4733, 1679
00:00:41.309, 00:01:01.901
4116, 1041, 2313, 1729, 1666, 1193, 3665, 1940
00:01:09.160, 00:01:29.323
3867, 1395, 1872, 1846, 1551, 1210, 4681, 1901
00:01:35.971, 00:01:56.794
3991, 976, 2367, 1696, 1516, 1158, 4666, 1909
00:02:03.225, 00:02:24.004

170904
profile_test_data/1X39XX45_Googleplex_openApp_thru_navigation/a/07-31-2020--10:17:42
3662, 1228, 1943, 1801, 1466, 1249, 4784, 2164
00:00:41.425, 00:01:02.222
4038, 997, 2442, 1777, 1486, 1126, 4774, 1748
00:01:09.400, 00:01:30.288
3958, 1113, 2303, 1809, 1499, 1141, 4979, 1578
00:01:37.475, 00:01:58.355
4009, 1344, 1822, 1721, 1458, 1177, 4657, 1922
00:02:05.708, 00:02:26.318

45072
profile_test_data/1X39XX45_Googleplex_openApp_thru_navigation/e:/07-31-2020--10:20:50
4164, 1608, 2077, 2662, 1581, 1359, 4769, 2038
00:00:42.467, 00:01:05.225
4614, 1484, 1931, 1952, 1447, 1239, 5022, 2466
00:01:12.278, 00:01:34.933
4395, 1531, 2061, 2109, 1564, 1397, 4747, 2126
00:01:41.660, 00:02:04.090
4344, 1552, 2400, 1976, 1542, 1281, 4108, 1962
00:02:10.645, 00:02:32.310

60276
profile_test_data/1X39XX45_Googleplex_openApp_thru_navigation/e:m-INTERSECTED-1/07-31-2020--10:23:49
3754, 1043, 2392, 1821, 1578, 1146, 4977, 2055
00:00:42.121, 00:01:03.387
3978, 1209, 2381, 1962, 1556, 1230, 4924, 1874
00:01:10.727, 00:01:32.341
3733, 960, 2262, 1841, 1500, 1135, 4973, 1821
00:01:38.760, 00:01:59.485
3771, 1042, 2443, 1802, 1557, 1180, 4701, 1759
00:02:05.823, 00:02:26.578

59460
profile_test_data/1X39XX45_Googleplex_openApp_thru_navigation/e:m-INTERSECTED-3/07-31-2020--10:26:42
3959, 1521, 2050, 1838, 1501, 1244, 4895, 2276
00:00:42.760, 00:01:04.544
4039, 21242, 1913, 1758, 1475, 1210, 4927, 1526
00:01:12.138, 00:01:52.728
3861, 993, 2448, 1787, 1527, 1172, 4587, 1883
00:01:59.753, 00:02:20.511
3834, 1415, 2043, 1764, 1511, 1260, 4687, 1825
00:02:27.796, 00:02:48.635

59200
profile_test_data/1X39XX45_Googleplex_openApp_thru_navigation/e:m-INTERSECTED-5/07-31-2020--10:30:05
3859, 958, 2240, 1728, 1504, 1217, 4915, 1622
00:00:41.349, 00:01:01.892
3853, 1403, 2015, 1967, 1507, 1273, 4960, 2287
00:01:08.995, 00:01:30.760
4141, 1042, 2305, 1697, 1528, 1182, 4805, 2154
00:01:38.411, 00:01:59.765
4092, 1110, 2329, 1629, 1680, 1133, 4676, 1596
00:02:06.140, 00:02:26.885

59528
profile_test_data/1X39XX45_Googleplex_openApp_thru_navigation/s:/07-31-2020--10:33:17
3913, 1007, 2238, 1675, 1501, 1203, 4798, 1984
00:00:41.345, 00:01:02.164
4163, 1384, 1980, 1963, 1525, 1275, 4206, 1739
00:01:08.549, 00:01:29.284
3807, 1427, 1914, 1859, 1505, 1256, 4916, 2629
00:01:36.316, 00:01:58.129
4173, 1359, 2291, 1889, 1491, 1168, 4454, 2022
00:02:05.744, 00:02:27.091

61644
profile_test_data/1X39XX45_Googleplex_openApp_thru_navigation/s:m-INTERSECTED-1/07-31-2020--10:36:24
3771, 1176, 2179, 1811, 1491, 1135, 4005, 2235
00:00:42.145, 00:01:02.448
3856, 974, 2361, 1741, 1450, 1199, 4564, 1849
00:01:09.977, 00:01:30.471
3931, 1059, 2257, 1695, 1529, 1152, 4469, 2294
00:01:37.575, 00:01:58.461
3829, 1127, 2433, 1823, 1515, 1166, 4517, 1740
00:02:04.954, 00:02:25.604

61200
profile_test_data/1X39XX45_Googleplex_openApp_thru_navigation/s:m-INTERSECTED-3/07-31-2020--10:39:23
3733, 1025, 2228, 1912, 1505, 1127, 4144, 2186
00:00:41.424, 00:01:01.784
3795, 1044, 2376, 1976, 1581, 1212, 4747, 2219
00:01:08.317, 00:01:29.767
5077, 1225, 2483, 1816, 1468, 1161, 4867, 2189
00:01:36.993, 00:01:59.779
3850, 1022, 2438, 1797, 1491, 1162, 4395, 1912
00:02:07.271, 00:02:27.838

61088
profile_test_data/1X39XX45_Googleplex_openApp_thru_navigation/s:m-INTERSECTED-5/07-31-2020--10:42:21
3724, 1076, 2244, 1706, 1552, 1165, 4652, 1988
00:00:41.307, 00:01:01.914
3779, 1432, 2038, 1720, 1479, 1278, 4930, 2334
00:01:08.317, 00:01:29.807
4019, 1391, 2084, 1832, 1488, 1212, 4936, 1836
00:01:37.072, 00:01:58.370
4041, 1008, 2313, 1752, 1462, 1219, 4729, 1777
00:02:05.330, 00:02:26.131

170904
profile_test_data/1X39XX45_Googleplex_openApp_thru_navigation/a/07-31-2020--10:45:17
4730, 959, 2231, 1837, 1479, 1181, 4586, 1721
00:00:41.267, 00:01:02.491
4208, 939, 2294, 1813, 1429, 1208, 4498, 1929
00:01:09.315, 00:01:30.133
3775, 960, 2351, 1882, 1465, 1154, 5060, 2208
00:01:36.709, 00:01:58.064
4093, 1885, 1826, 1865, 1564, 1251, 4786, 1794
00:02:05.646, 00:02:27.210

45072
profile_test_data/1X39XX45_Googleplex_openApp_thru_navigation/e:/07-31-2020--10:48:24
4447, 1041, 2814, 1978, 1497, 1190, 4857, 2480
00:00:43.430, 00:01:06.234
5584, 1611, 2295, 1975, 1481, 1317, 4595, 2205
00:01:12.953, 00:01:36.516
4493, 1551, 2095, 1808, 1600, 1366, 4056, 2685
00:01:43.076, 00:02:05.230
4637, 1552, 1927, 1677, 1554, 1317, 4885, 2492
00:02:11.736, 00:02:34.277

60276
profile_test_data/1X39XX45_Googleplex_openApp_thru_navigation/e:m-INTERSECTED-1/07-31-2020--10:51:26
3928, 1009, 2515, 1771, 1489, 1107, 4751, 2214
00:00:42.674, 00:01:03.958
3934, 1306, 1953, 1722, 1576, 1250, 4314, 2021
00:01:11.464, 00:01:32.040
3836, 1359, 2228, 1651, 1477, 1176, 4617, 1743
00:01:38.679, 00:01:59.266
3771, 1411, 1873, 1826, 1564, 1261, 4793, 1916
00:02:06.064, 00:02:26.979

59460
profile_test_data/1X39XX45_Googleplex_openApp_thru_navigation/e:m-INTERSECTED-3/07-31-2020--10:54:23
3939, 1011, 2450, 1828, 1532, 1130, 4759, 1828
00:00:42.645, 00:01:03.622
4267, 995, 2499, 1744, 1428, 1186, 4896, 2306
00:01:10.154, 00:01:31.975
3902, 1028, 2432, 1726, 1585, 1171, 5459, 1764
00:01:39.462, 00:02:01.029
4031, 1059, 2272, 1758, 1544, 1142, 4916, 1901
00:02:07.427, 00:02:28.550

59200
profile_test_data/1X39XX45_Googleplex_openApp_thru_navigation/e:m-INTERSECTED-5/07-31-2020--10:57:21
3863, 975, 2484, 1954, 1556, 1154, 4506, 1848
00:00:41.839, 00:01:02.679
4080, 1041, 2472, 1770, 1502, 1131, 4638, 1792
00:01:09.942, 00:01:30.868
3923, 1080, 2328, 1833, 1585, 1221, 4881, 2049
00:01:37.265, 00:01:58.665
3872, 988, 2366, 1846, 1576, 1236, 5132, 1927
00:02:05.304, 00:02:26.747

59528
profile_test_data/1X39XX45_Googleplex_openApp_thru_navigation/s:/07-31-2020--11:00:15
3999, 1425, 2303, 1923, 1573, 1260, 4141, 2372
00:00:42.995, 00:01:04.491
3872, 1408, 2012, 1846, 1534, 1265, 4864, 2087
00:01:11.091, 00:01:32.479
3977, 1010, 2607, 1903, 1528, 1251, 5105, 1989
00:01:38.871, 00:02:00.741
4107, 1025, 2486, 1804, 1459, 1225, 4466, 1863
00:02:07.654, 00:02:28.589

61644
profile_test_data/1X39XX45_Googleplex_openApp_thru_navigation/s:m-INTERSECTED-1/07-31-2020--11:03:14
3897, 992, 2367, 1856, 1590, 1145, 4668, 1752
00:00:41.542, 00:01:02.309
3946, 1363, 1952, 1935, 1552, 1314, 5128, 1945
00:01:08.647, 00:01:30.282
3770, 992, 2391, 1855, 1584, 1202, 4091, 2168
00:01:36.635, 00:01:57.188
3804, 1011, 2362, 1809, 1591, 1220, 4034, 2078
00:02:03.818, 00:02:24.227

61200
profile_test_data/1X39XX45_Googleplex_openApp_thru_navigation/s:m-INTERSECTED-3/07-31-2020--11:06:07
3706, 1042, 2228, 1754, 1535, 1147, 4546, 1864
00:00:41.506, 00:01:01.828
3956, 1368, 1987, 1741, 1525, 1302, 4654, 1892
00:01:08.444, 00:01:29.369
3825, 1009, 2232, 1948, 1532, 1127, 4691, 2101
00:01:36.302, 00:01:57.267
3920, 1386, 1909, 1735, 1558, 1269, 4985, 2135
00:02:03.925, 00:02:25.322

61088
profile_test_data/1X39XX45_Googleplex_openApp_thru_navigation/s:m-INTERSECTED-5/07-31-2020--11:09:04
3734, 1074, 2155, 1762, 1546, 1232, 4541, 2215
00:00:42.962, 00:01:03.721
3899, 1024, 2287, 1708, 1545, 1153, 4928, 1584
00:01:11.174, 00:01:31.802
3832, 924, 2363, 1733, 1536, 1157, 4841, 1725
00:01:39.221, 00:01:59.832
3845, 1008, 2405, 1755, 1459, 1187, 4953, 1632
00:02:06.143, 00:02:26.887

170904
profile_test_data/1X39XX45_Googleplex_openApp_thru_navigation/a/07-31-2020--11:12:05
3922, 1325, 1952, 1774, 1538, 1250, 4551, 1705
00:00:41.451, 00:01:01.968
3793, 1343, 1910, 1823, 1563, 1263, 4461, 2125
00:01:08.456, 00:01:29.237
4047, 1008, 2096, 1879, 1541, 1150, 5035, 1810
00:01:36.675, 00:01:57.741
3877, 960, 2268, 1551, 1538, 1127, 3862, 2038
00:02:04.556, 00:02:24.277

45072
profile_test_data/1X39XX45_Googleplex_openApp_thru_navigation/e:/07-31-2020--11:15:29
4333, 1008, 2537, 2708, 1500, 1214, 4787, 2249
00:00:43.281, 00:01:06.117
4458, 1561, 2106, 1845, 1597, 1253, 5538, 2470
00:01:13.549, 00:01:36.877
4397, 1176, 2562, 1855, 1535, 1186, 4932, 2189
00:01:44.527, 00:02:06.859
4391, 1638, 2279, 1950, 1581, 1263, 4930, 2174
00:02:14.340, 00:02:37.046

60276
profile_test_data/1X39XX45_Googleplex_openApp_thru_navigation/e:m-INTERSECTED-1/07-31-2020--11:18:40
3672, 1077, 2151, 1699, 1494, 1208, 4515, 1748
00:00:41.673, 00:01:01.737
3818, 1047, 2228, 1734, 1557, 1220, 4457, 1876
00:01:08.058, 00:01:28.495
3959, 1010, 2336, 1842, 1568, 1168, 4777, 1898
00:01:35.004, 00:01:56.062
3886, 1344, 1977, 1906, 1595, 1235, 4659, 1731
00:02:02.644, 00:02:23.477

59460
profile_test_data/1X39XX45_Googleplex_openApp_thru_navigation/e:m-INTERSECTED-3/07-31-2020--11:21:43
3936, 1277, 1945, 1854, 1522, 1310, 4807, 1746
00:00:41.585, 00:01:02.482
3994, 1025, 2338, 1728, 1586, 1181, 4576, 1852
00:01:08.810, 00:01:29.590
3858, 1362, 1978, 1674, 1461, 1320, 4691, 1797
00:01:35.970, 00:01:56.611
4067, 1059, 2374, 1618, 1451, 1134, 4307, 1833
00:02:04.018, 00:02:24.361

59200
profile_test_data/1X39XX45_Googleplex_openApp_thru_navigation/e:m-INTERSECTED-5/07-31-2020--11:24:32
4020, 957, 2187, 1717, 1485, 1176, 4865, 1861
00:00:41.414, 00:01:02.182
3844, 1161, 2424, 1764, 1776, 1161, 4509, 2269
00:01:08.611, 00:01:30.019
3987, 1614, 2077, 1826, 1518, 1268, 5058, 1935
00:01:36.447, 00:01:58.230
5100, 1025, 2343, 1717, 1555, 1173, 4791, 2190
00:02:04.602, 00:02:26.996

59528
profile_test_data/1X39XX45_Googleplex_openApp_thru_navigation/s:/07-31-2020--11:27:28
4838, 1885, 2323, 1980, 1536, 1262, 4665, 1905
00:00:41.550, 00:01:04.444
4013, 1026, 2484, 1964, 1442, 1136, 5318, 1962
00:01:11.010, 00:01:32.855
4081, 1463, 1941, 1713, 1822, 1232, 4650, 1868
00:01:39.455, 00:02:00.725
3745, 1650, 1760, 1969, 1562, 1323, 4394, 1968
00:02:07.511, 00:02:28.382

61644
profile_test_data/1X39XX45_Googleplex_openApp_thru_navigation/s:m-INTERSECTED-1/07-31-2020--11:30:24
3740, 1080, 2340, 1836, 1531, 1159, 4819, 1828
00:00:42.073, 00:01:02.906
3905, 1013, 2358, 1941, 1439, 1217, 5356, 1845
00:01:09.327, 00:01:30.901
3807, 1390, 2045, 2023, 1449, 1276, 4383, 1773
00:01:37.294, 00:01:57.940
4049, 1385, 1913, 1812, 1578, 1321, 4503, 1736
00:02:04.288, 00:02:25.085

61200
profile_test_data/1X39XX45_Googleplex_openApp_thru_navigation/s:m-INTERSECTED-3/07-31-2020--11:33:26
4782, 1353, 1931, 1902, 1537, 1234, 4854, 1819
00:00:42.309, 00:01:04.221
3792, 1398, 2127, 2075, 1491, 1199, 4794, 2033
00:01:10.675, 00:01:32.084
4121, 1528, 2060, 1880, 1474, 1327, 3703, 1642
00:01:38.757, 00:01:58.992
3962, 1027, 2399, 1960, 1451, 1397, 4640, 2241
00:02:05.416, 00:02:26.993

61088
profile_test_data/1X39XX45_Googleplex_openApp_thru_navigation/s:m-INTERSECTED-5/07-31-2020--11:36:37
4647, 1427, 1969, 1898, 1503, 1246, 4804, 1808
00:00:41.181, 00:01:02.983
3761, 1383, 1876, 1754, 1554, 1275, 4909, 1913
00:01:09.660, 00:01:30.585
3817, 1026, 2391, 1926, 1579, 1245, 5693, 2296
00:01:36.997, 00:01:59.470
4042, 1058, 2214, 2647, 1488, 1225, 4496, 1829
00:02:05.982, 00:02:27.481

170904
profile_test_data/1X39XX45_Googleplex_openApp_thru_navigation/a/07-31-2020--11:39:49
4233, 1300, 1834, 1693, 1487, 1225, 4657, 1761
00:00:41.780, 00:01:02.470
3930, 991, 2293, 1609, 1544, 1188, 4559, 1947
00:01:08.966, 00:01:29.527
3839, 975, 2138, 2512, 1568, 1196, 4822, 2132
00:01:36.819, 00:01:58.501
3999, 1376, 1931, 2461, 1425, 1227, 4962, 1586
00:02:05.169, 00:02:26.636

