
45076
profile_test_data/1X39XX45_Googleplex_openApp_thru_navigation/e:/08-13-2020--20:08:13
1026, 2977, 1946, 1520, 1365, 4981, 3644
00:00:49.892, 00:01:09.851
1007, 2654, 2255, 2145, 1448, 4754, 3291
00:01:22.848, 00:01:42.902
1539, 2058, 1816, 1576, 1273, 4448, 3032
00:01:55.672, 00:02:13.914

170904
profile_test_data/1X39XX45_Googleplex_openApp_thru_navigation/a/08-13-2020--20:11:03
966, 2191, 1651, 1508, 1153, 4382, 2575
00:00:47.641, 00:01:04.567
1038, 2558, 1798, 1494, 1125, 4734, 2752
00:01:15.716, 00:01:33.715
1287, 1891, 1652, 1512, 1208, 4429, 2889
00:01:45.156, 00:02:02.524

